Accession	0.1	0.2	0.3	1.1	1.2	1.3	3.1	3.2	5.1	5.2
Efra.gene16498_i0_length912.p1	151272.438	60645.973	25587.203		73643.99300000002	16959.917999999998	55745.469000000005	77246.807	99166.25899999999	45917.432
Efra.gene24458_i0_length609.p1		17527.956000000002	12880.2192	48204.341	105441.92400000003	52508.12299999999	89678.02	87646.999	233496.5385	106457.275
Efra.gene9182_i0_length1380.p1		9967.254	3193.8959999999997			1485.993	1165.127	7855.08	3775.116	
Efra.gene50115_i0_length321.p1		31588.067000000003	17738.470999999998		6547.85	9713.292	20542.189	33652.296	81626.015	3292.659
Efra.gene29886_i0_length489.p1		23703.377	17513.141		4142.558	2220.5357	1496.087	15704.175	6016.507	31817.572000000004
Efra.gene47379_i0_length333.p1		43516.867000000006	51038.446					13810.714		8893.502
Efra.gene35579_i0_length414.p1		28339.701	14293.466							
Efra.gene14678_i0_length1005.p1		8659.534	1637.76							
Efra.gene14059_i2_length1041.p1		9632.307	5703.6939999999995		3708.844	1749.248	215332.87660000002	6369.708	244973.37300000002	153732.883
Efra.gene330_i0_length5295.p1		3618.576	1623.256		5729.433	4220.888	11006.253	28823.5	25226.976	15220.998
Efra.gene26710_i0_length552.p1		1853.3678	3435.1998000000003		22105.253	7740.359	17721.113	13226.012999999999	23387.28	16085.441
Efra.gene18607_i0_length813.p1		6348.175								
Efra.gene10049_i0_length1308.p1		8302.226999999999	7840.692900000001				1686.346	23707.141		
Efra.gene49354_i0_length324.p1		6052.7119999999995	1403.789						3434.696	
Efra.gene21131_i1_length711.p1		3334.8857000000003	986.2768		75849.075	7068.817999999999	40773.788	18505.4449	77733.083	29308.640699999996
Efra.gene56589_i0_length261.p1		40528.33			13055.3			27564.485999999997		
Efra.gene62669_i0_length282.p1		15249.09	12313.61		2691.62		1275.995			
Efra.gene42958_i0_length354.p1		7765.384			20286.87					
Efra.gene399_i0_length4974.p1		1014.196			4971.538	1147.702		3333.0609999999997	6394.414	1363.457
Efra.gene16536_i2_length909.p1		4954.778	10924.475					4493.799	2182.858	
Efra.gene41171_i0_length356.p1		6694.624			35529.71			25383.16	98072.53199999999	20660.152
Efra.gene19022_i1_length795.p1		1078.665	974.8159		20799.196		24488.873	34711.122		
Efra.gene482_i1_length4723.p1		1210.803					1552.539			
Efra.gene42777_i0_length357.p1		6049.651	3564.421			1300.82	1932.425	4905.807	2736.251	2770.802
Efra.gene25400_i0_length486.p1		1197.53			3294.214	1780.209	2741.794	3902.44	9764.396	4242.37
Efra.gene12747_i0_length1116.p1		1471.216	5221.914					2054.04		
Efra.gene110165_i0_length213.p1		3813.327			17239.54					
Efra.gene32379_i0_length452.p1		1714.236	2123.3							
Efra.gene91141_i0_length234.p1			6798.621							
Efra.gene23450_i0_length639.p1			1101.228							
Efra.gene9742_i0_length1332.p1			2593.582							
Efra.gene6959_i0_length1608.p1			1246.163							
Efra.gene20233_i0_length744.p1			1024.172							
Efra.gene68755_i0_length267.p1			1970.278							
Efra.gene38556_i0_length385.p1			2061.796			361.0962				
Efra.gene99937_i0_length225.p1			1753.418		15094.45	4377.904	5348.392	19733.59	3658.315	23879.417
Efra.gene42768_i0_length273.p1			5310.095						6906.098	
Efra.gene41171_i1_length366.p1			1451.812			12933.348	17723.25			
Efra.gene31160_i0_length470.p1			1088.874							2058.011
Efra.gene19055_i3_length734.p1			1630.244							
Efra.gene12442_i0_length1134.p1					123967.80099999999	65864.4544	6536.9419	222871.85799999998	5912.295	
Efra.gene1749_i1_length3021.p1					21068.418999999998		50086.80499999999	11618.727	158111.789	77699.32599999999
Efra.gene17127_i0_length880.p1					8781.154999999999	16145.658199999998	28397.389399999996	44884.68200000001	158974.42900000006	39705.152
Efra.gene1853_i0_length2945.p1					7203.489	4719.638	7860.291	3027.876	46801.70599999999	6641.268
Efra.gene34277_i0_length426.p1					10500.702	4467.7472	12842.771	8187.42	16697.808	5504.909
Efra.gene27122_i0_length543.p1					9153.407	1470.026	6973.821	12688.944	18129.698	2859.323
Efra.gene59690_i0_length288.p1					4510.5645	1380.438	2386.7662	2297.414	9365.771	4878.971
Efra.gene43037_i0_length354.p1					27037.517	4645.7009	9549.259		18433.28	13777.881
Efra.gene25967_i0_length570.p1					4687.537	5966.295899999999			9749.189	
Efra.gene18178_i0_length831.p1					3614.6130000000003	4239.831				2220.003
Efra.gene349_i0_length5181.p1					5695.778			2328.385		3148.537
Efra.gene22328_i1_length673.p1					4029.0460000000003	630.1074	5434.709	3354.457	11483.166000000001	3340.336
Efra.gene9478_i0_length1353.p1					7551.396000000001		5033.616		17284.203	
Efra.gene26421_i0_length561.p1					1713.535	1277.513	5950.24	3282.928	4810.511	5000.463
Efra.gene30096_i0_length486.p1					5957.429	3569.323		4901.359	5917.17	
Efra.gene25799_i1_length576.p1					3891.47	4328.936	2403.814	2537.183	7187.002	2103.739
Efra.gene7598_i0_length1533.p1					4696.009	3235.922		2730.521		6630.863
Efra.gene20233_i3_length579.p1					11330.19	6591.401	5918.128	11218.28	35701.47	5724.42
Efra.gene26810_i2_length552.p1					5340.952		5398.632	5591.725	6303.959	1849.913
Efra.gene28977_i0_length507.p1					5399.526	3971.267	7466.382	4100.79	16288.729	5162.748
Efra.gene6586_i0_length1651.p1					4001.635		2160.795		3126.804	
Efra.gene6459_i2_length357.p1					893.3093					
Efra.gene37076_i0_length399.p1					2466.431	1848.6356				
Efra.gene33821_i0_length432.p1					1212.423	1454.273			3231.823	5093.736
Efra.gene70882_i0_length264.p1					5903.416					
Efra.gene48207_i0_length327.p1					1435.049					
Efra.gene27516_i0_length534.p1					4071.085		1429.586		3170.242	1931.741
Efra.gene22225_i1_length309.p1					7277.281		7308.571			
Efra.gene21462_i0_length701.p1					6900.457				2963.328	
Efra.gene16536_i3_length315.p1					3768.698	1632.943	1437.469			2026.303
Efra.gene34789_i0_length420.p1					5277.882					3591.87
Efra.gene13656_i0_length1062.p1					1556.286		4543.463			
Efra.gene38386_i0_length387.p1					1647.614		1601.457		1179.524	
Efra.gene56456_i0_length297.p1					3574.19					
Efra.gene26841_i0_length549.p1					4220.824					
Efra.gene18564_i2_length720.p1						29986.608			46929.409	50546.903000000006
Efra.gene13900_i0_length1047.p1						2442.632	11465.88		6716.549	5854.205
Efra.gene31924_i2_length459.p1						1190.252			3950.536	3790.029
Efra.gene21137_i1_length711.p1						2612.844				
Efra.gene19494_i1_length774.p1						1216.27				
Efra.gene10189_i0_length1293.p1						926.6406	1473.294		6313.439	
Efra.gene25717_i1_length576.p1						1404.646	2069.102		2971.949	
Efra.gene329_i3_length5301.p1							10793.5274	5794.707	16233.274000000001	18500.431
Efra.gene813_i1_length4026.p1							7460.680200000001		29026.46	11054.087
Efra.gene7751_i0_length1518.p1							7958.572		8398.616	2088.475
Efra.gene27331_i1_length540.p1							8603.914	7966.331	11801.372	4907.526
Efra.gene12182_i0_length1149.p1							13936.1633			
Efra.gene7558_i0_length1539.p1							3870.0190000000002	3665.464	10462.576000000001	
Efra.gene49456_i1_length324.p1							7602.717000000001		24169.721	12388.107
Efra.gene19703_i0_length765.p1							3315.8455		18266.504999999997	
Efra.gene8230_i0_length1470.p1							1239.654		3390.623	
Efra.gene19992_i1_length756.p1							6728.089			
Efra.gene16539_i1_length909.p1							837.2347			
Efra.gene25800_i2_length576.p1							2378.202			
Efra.gene24170_i0_length618.p1							13178.48		20463.61	6349.46
Efra.gene11716_i0_length1179.p1							1572.147			
Efra.gene34351_i1_length426.p1							1618.64		1099.055	
Efra.gene25400_i1_length585.p1							2563.5	6616.451		
Efra.gene19250_i1_length786.p1							1816.067			
Efra.gene31366_i0_length466.p1							2587.215	2418.051		
Efra.gene12082_i0_length1156.p1							1593.64			
Efra.gene40264_i1_length210.p1							4536.331		5616.121	
Efra.gene82314_i0_length246.p1							978.8064		1588.252	
Efra.gene10979_i3_length1134.p1								11590.992		
Efra.gene69555_i0_length267.p1								2229.065		
Efra.gene12660_i0_length1122.p1								1518.759	1339.897	
Efra.gene45084_i0_length342.p1								5220.51		
Efra.gene10979_i0_length1233.p1									10570.498	
Efra.gene14418_i2_length1020.p1									10157.039	1154.025
Efra.gene19598_i0_length771.p1									3122.5280000000002	
Efra.gene12899_i0_length1107.p1									4147.275	
Efra.gene19992_i0_length618.p1									19114.71	
Efra.gene59164_i0_length291.p1									1134.706	
Efra.gene27221_i0_length540.p1									1304.567	
Efra.gene21360_i0_length705.p1									1864.74	
Efra.gene41065_i0_length366.p1									1599.198	
Efra.gene40169_i0_length372.p1									2324.215	
Efra.gene30061_i0_length486.p1									1612.407	
Efra.gene17278_i0_length873.p1									4288.469	
Efra.gene17127_i6_length777.p1									1786.996	
Efra.gene8953_i1_length1399.p1									2543.779	
Efra.gene11166_i2_length1221.p1									1413.823	
Efra.gene26093_i0_length567.p1									1302.972	
Efra.gene18440_i0_length819.p1									4212.008	
Efra.gene1160_i1_length3549.p1									1284.527	
Efra.gene19206_i0_length786.p1									1678.764	