N	Unused	Total	%Cov	%Cov(50)	%Cov(95)	Accessions	Names	Used	Annotation	Contrib	Conf	Sequence	Modifications	ProteinModifications	Cleavages	dMass	Obs MW	Obs m/z	Theor MW	Theor m/z	Theor z	Sc	Spectrum	Acq Time	Intensity (Peptide)	PrecursorIntensityAcquisition	Apex Time (Peptide)	Elution Peak Width (Peptide)	MS2Counts
1	20	0	0	0	0	W	0	0	0	2	99.00000095	AAAAA	0	0	0	0	0	0	0	0	0	10	0	0	100	0	0	0	0
1	20	0	0	0	0	W	0	0	0	2	95	CCCCC	0	0	0	0	0	0	0	0	0	10	0	0	100	0	0	0	0
1	20	0	0	0	0	W	0	0	0	0	94.9	DDDDD	0	0	0	0	0	0	0	0	0	10	0	0	100	0	0	0	0
1	20	0	0	0	0	W	0	0	0	0	50	EEEEE	0	0	0	0	0	0	0	0	0	10	0	0	100	0	0	0	0
2	10	0	0	0	0	C	0	0	0	2	99.00000095	AAAAA	0	0	0	0	0	0	0	0	0	10	0	0	100	0	0	0	0
2	10	0	0	0	0	C	0	0	0	2	95	CCCCC	0	0	0	0	0	0	0	0	0	10	0	0	100	0	0	0	0
2	10	0	0	0	0	C	0	0	0	0	94.9	DDDDD	0	0	0	0	0	0	0	0	0	10	0	0	100	0	0	0	0
2	10	0	0	0	0	C	0	0	0	0	50	EEEEE	0	0	0	0	0	0	0	0	0	10	0	0	100	0	0	0	0
3	6	0	0	0	0	F	0	0	0	2	99.00000095	AAAAA	0	0	0	0	0	0	0	0	0	10	0	0	100	0	0	0	0
3	6	0	0	0	0	F	0	0	0	2	95	CCCCC	0	0	0	0	0	0	0	0	0	10	0	0	100	0	0	0	0
3	6	0	0	0	0	F	0	0	0	0	94.9	DDDDD	0	0	0	0	0	0	0	0	0	10	0	0	100	0	0	0	0
3	6	0	0	0	0	F	0	0	0	0	50	EEEEE	0	0	0	0	0	0	0	0	0	10	0	0	100	0	0	0	0
4	5	0	0	0	0	J	0	0	0	2	99.00000095	AAAAA	0	0	0	0	0	0	0	0	0	10	0	0	100	0	0	0	0
4	5	0	0	0	0	J	0	0	0	2	95	CCCCC	0	0	0	0	0	0	0	0	0	10	0	0	100	0	0	0	0
4	5	0	0	0	0	J	0	0	0	0	94.9	DDDDD	0	0	0	0	0	0	0	0	0	10	0	0	100	0	0	0	0
4	5	0	0	0	0	J	0	0	0	0	50	EEEEE	0	0	0	0	0	0	0	0	0	10	0	0	100	0	0	0	0
5	4	0	0	0	0	K	0	0	0	2	99.00000095	AAAAA	0	0	0	0	0	0	0	0	0	10	0	0	100	0	0	0	0
5	4	0	0	0	0	K	0	0	0	2	95	CCCCC	0	0	0	0	0	0	0	0	0	10	0	0	100	0	0	0	0
5	4	0	0	0	0	K	0	0	0	0	94.9	DDDDD	0	0	0	0	0	0	0	0	0	10	0	0	100	0	0	0	0
5	4	0	0	0	0	K	0	0	0	0	50	EEEEE	0	0	0	0	0	0	0	0	0	10	0	0	100	0	0	0	0
6	2	0	0	0	0	L	0	0	0	2	99.00000095	AAAAA	0	0	0	0	0	0	0	0	0	10	0	0	100	0	0	0	0
6	2	0	0	0	0	L	0	0	0	2	95	CCCCC	0	0	0	0	0	0	0	0	0	10	0	0	100	0	0	0	0
6	2	0	0	0	0	L	0	0	0	0	94.9	DDDDD	0	0	0	0	0	0	0	0	0	10	0	0	100	0	0	0	0
6	2	0	0	0	0	L	0	0	0	0	50	EEEEE	0	0	0	0	0	0	0	0	0	10	0	0	100	0	0	0	0
7	1	0	0	0	0	Z	0	0	0	0.5	95	CCCCC	0	0	0	0	0	0	0	0	0	10	0	0	100	0	0	0	0
7	1	0	0	0	0	Z	0	0	0	0.5	95	DDDDD	0	0	0	0	0	0	0	0	0	10	0	0	100	0	0	0	0
7	1	0	0	0	0	Z	0	0	0	0	50	EEEEE	0	0	0	0	0	0	0	0	0	10	0	0	100	0	0	0	0
8	1	0	0	0	0	Y	0	0	0	0.5	95	CCCCC	0	0	0	0	0	0	0	0	0	10	0	0	100	0	0	0	0
8	1	0	0	0	0	Y	0	0	0	0.5	95	DDDDD	0	0	0	0	0	0	0	0	0	10	0	0	100	0	0	0	0
8	1	0	0	0	0	Y	0	0	0	0	50	EEEEE	0	0	0	0	0	0	0	0	0	10	0	0	100	0	0	0	0
