Representative	Accession	0.1	0.2	0.3	0.4	1.1	1.2	1.3	1.4	3.1	3.2	3.4	5.1	5.2	5.3	5.4	7.1	7.2	7.3	10.1	10.2	10.3	12.1	12.2	12.3
Efra.gene13951_i0_length1044.p1		0	0	0	0	0	0	0	0	0	0	0	0	0	0	0	0	0	0	1	0	0	0	0	0
	Efra.gene21094_i0_length468.p1	0	0	0	0	0	0	0	0	0	0	0	0	0	0	0	0	0	0	1	0	0	0	0	0
	Efra.gene21094_i2_length714.p1	0	0	0	0	0	0	0	0	0	0	0	0	0	0	0	0	0	0	1	0	0	0	0	0
Efra.gene16539_i1_length909.p1		0	0	0	0	1	0	0	0	1	0	0	0	0	0	0	0	1	1	1	1	1	1	1	0
	Efra.gene16539_i2_length336.p1	0	0	0	0	0	0	0	0	0	0	0	0	0	0	0	0	1	1	0	1	1	0	1	0
	Efra.gene16539_i3_length783.p1	0	0	0	0	0	0	0	0	0	0	0	0	0	0	0	0	1	1	0	1	1	0	1	0
	Efra.gene36847_i0_length399.p1	0	0	0	0	1	0	0	0	1	0	0	0	0	0	0	0	1	1	1	0	0	1	0	0
Efra.gene16539_i3_length783.p1		0	0	0	0	1	0	0	0	0	0	0	0	0	0	0	0	0	0	0	0	0	0	0	0
	Efra.gene16539_i2_length336.p1	0	0	0	0	1	0	0	0	0	0	0	0	0	0	0	0	0	0	0	0	0	0	0	0
Efra.gene19055_i3_length734.p1		0	0	1	0	0	0	0	1	0	0	1	1	0	0	1	1	0	0	0	0	0	0	0	0
	Efra.gene19055_i1_length792.p1	0	0	1	0	0	0	0	1	0	0	1	1	0	0	1	1	0	0	0	0	0	0	0	0
Efra.gene20233_i0_length744.p1		0	0	0	0	1	0	0	0	0	0	0	0	0	0	1	1	0	0	0	1	1	0	1	0
	Efra.gene20233_i2_length690.p1	0	0	0	0	1	0	0	0	0	0	0	0	0	0	1	1	0	0	0	1	1	0	1	0
	Efra.gene20233_i3_length579.p1	0	0	0	0	1	0	0	0	0	0	0	0	0	0	1	1	0	0	0	1	1	0	1	0
Efra.gene20233_i2_length690.p1		0	0	0	0	0	0	0	0	0	0	0	0	0	1	0	0	0	0	1	0	0	0	0	0
	Efra.gene20233_i0_length744.p1	0	0	0	0	0	0	0	0	0	0	0	0	0	1	0	0	0	0	1	0	0	0	0	0
	Efra.gene20233_i3_length579.p1	0	0	0	0	0	0	0	0	0	0	0	0	0	1	0	0	0	0	1	0	0	0	0	0
Efra.gene20233_i3_length579.p1		1	0	1	0	0	1	1	1	1	1	1	1	1	0	0	0	1	0	0	0	0	1	0	1
	Efra.gene20233_i0_length744.p1	1	0	1	0	0	1	1	1	1	1	1	1	1	0	0	0	1	0	0	0	0	1	0	1
	Efra.gene20233_i2_length690.p1	1	0	1	0	0	1	1	1	1	1	1	1	1	0	0	0	1	0	0	0	0	1	0	1
Efra.gene21094_i2_length714.p1		0	0	0	0	0	0	0	0	0	0	0	1	0	0	0	0	0	0	0	0	0	0	0	1
	Efra.gene13951_i0_length1044.p1	0	0	0	0	0	0	0	0	0	0	0	1	0	0	0	0	0	0	0	0	0	0	0	1
	Efra.gene21094_i0_length468.p1	0	0	0	0	0	0	0	0	0	0	0	1	0	0	0	0	0	0	0	0	0	0	0	1
Efra.gene21137_i1_length711.p1		0	0	0	0	1	0	0	0	1	0	0	1	0	0	1	1	1	1	0	1	0	0	0	1
	Efra.gene21137_i0_length372.p1	0	0	0	0	1	0	0	0	1	0	0	1	0	0	1	1	1	1	0	1	0	0	0	1
Efra.gene25967_i0_length570.p1		0	0	0	0	0	1	1	0	0	0	0	1	0	1	0	1	1	1	1	1	1	0	0	0
	Efra.gene25967_i1_length321.p1	0	0	0	0	0	1	1	0	0	0	0	1	0	1	0	1	1	1	1	1	1	0	0	0
	Efra.gene25967_i2_length219.p1	0	0	0	0	0	1	1	0	0	0	0	1	0	1	0	1	0	1	1	1	1	0	0	0
Efra.gene25967_i1_length321.p1		0	0	0	0	1	0	0	0	1	0	0	0	0	0	0	0	0	0	0	0	0	0	1	0
	Efra.gene25967_i0_length570.p1	0	0	0	0	1	0	0	0	1	0	0	0	0	0	0	0	0	0	0	0	0	0	1	0
	Efra.gene25967_i2_length219.p1	0	0	0	0	1	0	0	0	1	0	0	0	0	0	0	0	0	0	0	0	0	0	1	0
Efra.gene26700_i1_length468.p1		0	0	0	0	0	0	0	0	0	0	0	0	0	0	0	0	0	0	1	1	1	0	0	0
	Efra.gene26700_i0_length552.p1	0	0	0	0	0	0	0	0	0	0	0	0	0	0	0	0	0	0	1	1	1	0	0	0
Efra.gene2834_i2_length480.p1		0	0	0	0	0	0	0	0	0	0	0	0	0	0	0	0	0	0	1	0	1	0	0	1
	Efra.gene2834_i0_length2466.p1	0	0	0	0	0	0	0	0	0	0	0	0	0	0	0	0	0	0	1	0	1	0	0	1
	Efra.gene2834_i1_length594.p1	0	0	0	0	0	0	0	0	0	0	0	0	0	0	0	0	0	0	1	0	1	0	0	1
Efra.gene29879_i0_length489.p1		0	0	0	0	0	0	0	0	1	0	0	1	0	1	1	1	0	0	1	0	0	1	0	1
	Efra.gene40264_i0_length372.p1	0	0	0	0	0	0	0	0	1	0	0	1	0	1	1	1	0	0	1	0	0	1	0	1
	Efra.gene40264_i1_length210.p1	0	0	0	0	0	0	0	0	1	0	0	1	0	1	1	1	0	0	1	0	0	0	0	1
Efra.gene31924_i2_length459.p1		0	0	0	0	1	0	1	0	1	0	1	1	1	1	1	1	1	0	1	1	1	1	1	1
	Efra.gene25800_i0_length528.p1	0	0	0	0	1	0	1	0	1	0	1	1	1	1	1	1	1	0	1	1	1	1	1	1
	Efra.gene25800_i2_length576.p1	0	0	0	0	1	0	1	0	1	0	1	1	1	1	1	1	1	0	1	1	1	1	1	1
	Efra.gene29528_i1_length495.p1	0	0	0	0	1	0	1	0	1	0	1	1	1	1	1	1	1	0	1	1	1	1	1	1
	Efra.gene29637_i0_length495.p1	0	0	0	0	1	0	1	0	1	0	1	1	1	1	1	1	1	0	1	1	1	1	1	1
Efra.gene33821_i0_length432.p1		0	0	0	0	0	0	0	0	0	1	0	1	1	0	0	0	1	1	0	0	0	0	0	0
	Efra.gene69555_i0_length267.p1	0	0	0	0	0	0	0	0	0	1	0	1	1	0	0	0	1	1	0	0	0	0	0	0
Efra.gene34755_i1_length384.p1		0	0	0	0	0	0	0	0	0	0	0	0	0	0	0	0	0	1	0	0	0	0	0	0
	Efra.gene34755_i0_length421.p1	0	0	0	0	0	0	0	0	0	0	0	0	0	0	0	0	0	1	0	0	0	0	0	0
	Efra.gene40169_i0_length372.p1	0	0	0	0	0	0	0	0	0	0	0	0	0	0	0	0	0	1	0	0	0	0	0	0
Efra.gene40169_i0_length372.p1		0	0	0	0	0	0	0	0	0	0	0	1	0	1	0	0	0	0	1	0	1	0	0	1
	Efra.gene34755_i0_length421.p1	0	0	0	0	0	0	0	0	0	0	0	1	0	1	0	0	0	0	1	0	1	0	0	1
	Efra.gene34755_i1_length384.p1	0	0	0	0	0	0	0	0	0	0	0	1	0	1	0	0	0	0	1	0	1	0	0	1
Efra.gene41171_i0_length356.p1		0	0	0	0	0	1	0	0	0	1	0	1	1	1	0	1	1	0	1	1	0	0	0	0
	Efra.gene33593_i0_length435.p1	0	0	0	0	0	1	0	0	0	1	0	1	1	1	0	1	1	0	1	1	0	0	0	0
	Efra.gene41171_i1_length366.p1	0	0	0	0	0	1	0	0	0	1	0	1	1	1	0	1	1	0	1	1	0	0	0	0
Efra.gene41171_i1_length366.p1		1	1	1	0	1	0	1	1	1	0	1	0	0	0	1	0	0	0	0	0	1	1	1	1
	Efra.gene33593_i0_length435.p1	0	0	0	0	0	0	1	0	0	0	0	0	0	0	0	0	0	0	0	0	0	0	0	1
	Efra.gene41171_i0_length356.p1	1	1	1	0	1	0	1	1	1	0	1	0	0	0	1	0	0	0	0	0	1	1	1	1
Efra.gene49456_i0_length210.p1		0	0	0	0	0	0	0	0	0	0	0	0	0	0	0	0	0	0	1	0	1	0	0	0
	Efra.gene1749_i7_length714.p1	0	0	0	0	0	0	0	0	0	0	0	0	0	0	0	0	0	0	0	0	1	0	0	0
	Efra.gene49456_i1_length324.p1	0	0	0	0	0	0	0	0	0	0	0	0	0	0	0	0	0	0	1	0	1	0	0	0
Efra.gene49456_i1_length324.p1		0	0	0	0	1	0	0	0	1	0	1	1	1	1	1	1	1	0	0	1	0	1	0	1
	Efra.gene49456_i0_length210.p1	0	0	0	0	1	0	0	0	1	0	1	1	1	1	1	1	1	0	0	1	0	1	0	1
Efra.gene6007_i1_length1710.p1		0	0	0	0	0	0	0	0	1	0	0	1	0	0	1	1	0	0	1	0	1	1	0	1
	Efra.gene19992_i0_length618.p1	0	0	0	0	0	0	0	0	1	0	0	1	0	0	1	1	0	0	1	0	1	1	0	1
	Efra.gene19992_i1_length756.p1	0	0	0	0	0	0	0	0	1	0	0	1	0	0	1	1	0	0	1	0	1	1	0	1
	Efra.gene2026_i0_length2352.p1	0	0	0	0	0	0	0	0	1	0	0	1	0	0	1	1	0	0	1	0	1	1	0	1
	Efra.gene24911_i0_length598.p1	0	0	0	0	0	0	0	0	1	0	0	1	0	0	1	1	0	0	1	0	1	1	0	1
	Efra.gene24911_i1_length486.p1	0	0	0	0	0	0	0	0	1	0	0	1	0	0	1	1	0	0	1	0	1	1	0	1
	Efra.gene30211_i0_length477.p1	0	0	0	0	0	0	0	0	1	0	0	1	0	0	1	1	0	0	1	0	1	1	0	1
	Efra.gene30211_i1_length486.p1	0	0	0	0	0	0	0	0	1	0	0	1	0	0	1	1	0	0	1	0	1	1	0	1
	Efra.gene31452_i0_length465.p1	0	0	0	0	0	0	0	0	1	0	0	1	0	0	1	1	0	0	1	0	1	1	0	1
	Efra.gene32476_i0_length450.p1	0	0	0	0	0	0	0	0	1	0	0	1	0	0	1	1	0	0	1	0	1	1	0	1
Efra.gene60545_i1_length273.p1		0	1	0	0	1	1	1	0	1	0	1	1	1	1	0	0	1	0	1	1	1	0	1	0
	Efra.gene34789_i0_length420.p1	0	1	0	0	1	1	1	0	1	0	1	1	1	1	0	0	1	0	1	1	1	0	1	0
Efra.gene6959_i0_length1608.p1		0	0	1	0	0	0	0	0	0	0	0	0	0	0	0	0	0	0	0	0	1	0	0	0
	Efra.gene10048_i0_length1308.p1	0	0	1	0	0	0	0	0	0	0	0	0	0	0	0	0	0	0	0	0	1	0	0	0
	Efra.gene34797_i0_length420.p1	0	0	1	0	0	0	0	0	0	0	0	0	0	0	0	0	0	0	0	0	1	0	0	0
	Efra.gene6780_i0_length1629.p1	0	0	1	0	0	0	0	0	0	0	0	0	0	0	0	0	0	0	0	0	1	0	0	0
Efra.gene8953_i1_length1399.p1		0	0	0	0	0	0	0	0	0	0	0	1	0	0	0	0	0	0	1	0	0	0	0	0
	Efra.gene8953_i0_length1038.p1	0	0	0	0	0	0	0	0	0	0	0	1	0	0	0	0	0	0	1	0	0	0	0	0
