Accession	0.1	0.2	0.3	0.4	1.1	1.2	1.3	1.4	3.1	3.2	3.4	5.1	5.2	5.3	5.4	7.1	7.2	7.3	10.1	10.2	10.3	12.1	12.2	12.3
Efra.gene10049_i0_length1308.p1	0.0012541137249810646	0.02021202424331458	0.009472925876132044	0.0025786766975902024			0.0024493807029648566	0.008260588118482485	0.003291380783668013	0.018718299074041517	0.002133719464533567	0.0023438241199995715		0.008837813347993306	0	0.000900951694173363	0.006981799481849139		0.0008315988558461894	0	0.005128927299546603		0.0025029528268474964	0.0010009688443061253
Efra.gene10189_i0_length1293.p1									0.0012739020213926183			0.0012469176820872963		0.0016700109821224257		0.0007763755771742947	0.00041806268762417323	0.001912215323915053	0.0012903287044748366	0	0.0006610189156639192		0.0009047156592349248	0.002621561845652407
Efra.gene10803_i4_length1062.p1																						0.002618770677177768	0.000488975883871785	
Efra.gene10979_i0_length1233.p1						0			0.09616848265708224		0.04148982255493577	0.04171654965755449	0	0.05705505058405641	0	0.08196172926136837	0.06058507607672605	0.053054533807198954	0.03485140997368021	0	0.05576116249118251	0.17124422198872832	0.11570374340008768	0.08878031630834488
Efra.gene10979_i3_length1134.p1																					0.05634528132758884			
Efra.gene110165_i0_length213.p1		0.021512192434266372	0.07998386549132826		0.13283772475613287	0										0.018019990502234715								
Efra.gene11166_i2_length1221.p1												0.00021474119037840717									0.0004945691412808283			
Efra.gene113616_i0_length210.p1					0.03068058234488904																			
Efra.gene1160_i1_length3549.p1												6.814384451711068e-05												
Efra.gene11716_i0_length1179.p1					0.0019664584342893748				0.000756434218644511					0.0006715231476520133		0.0011160876312724798			0.0007013651823151763	0	0.0010957605474404882	0.0008890688276735922		
Efra.gene11803_i0_length1173.p1																0.0005201900870435229								
Efra.gene12082_i0_length1156.p1									0.0004717969512640617							0.001793534998532982	0.0019505434206289764		0.00032287098721073845	0	0.0005194644014586153	0.0034556308521737555		
Efra.gene12182_i0_length1149.p1							0.07896382990986663			0.09777972243293782		0.04365048947980917						0.05367563427216509						
Efra.gene12442_i0_length1134.p1									0.09850718262878858			0.04358213089389544						0.05312365141755295	0.03832139944750322	0			0.11230143472220379	0.10540175509511705
Efra.gene12565_i0_length1128.p1																							0.00033641136746359986	
Efra.gene12660_i0_length1122.p1												0.00034008246449095044		0.0006891594519023276						0				
Efra.gene12747_i0_length1116.p1	0.001036363544009797	0.001455019759358392	0.012037962764415256	0.0013539837885284394				0.003866152408605396		0.0005953526488195668	0.0006580043166930424				0					0	0.00030525323616217284			
Efra.gene1287_i0_length3423.p1	0.000792463939823347							0.0013901606546866333							0									
Efra.gene12899_i0_length1107.p1														0.000503035845382373						0				
Efra.gene13656_i0_length1062.p1						0			0.003907807674824699			0.0021337237431446696		0.0037864794818570223	0	0.001715353704379119	0.002400056825459918	0.0030790765236790346	0.0040346029676472175	0	0.0006313632244126933	0.0037742573591013585	0.001987428492059596	
Efra.gene13900_i0_length1047.p1					0.0030041585769494754		0.0030358048712411886		0.004907784581254665			0.0031144529950421734	0	0.002934573261085062		0.0031025054731669104	0.0011057859703957288	0.004527494279992403	0.005214840569768064	0	0.0019013560960043612	0.003166330811185747	0.0006372677615191795	0.0027126566186913984
Efra.gene13951_i0_length1044.p1																			0.000732683781638572					
Efra.gene14059_i2_length1041.p1		0.011922229342132199	0.014639437763904407	0.012623577897015244	0.10996357811070856	0	0.17550122375959354	0.0335611003381939	0.10857059166252811	0.21775329525623913	0.043046775082578155	0.04700168523327662	0	0.19336104769825782	0	0.18061620838033038	0.06792326043553304	0.17107016266600258	0.08052924146011736	0	0.129915691018056	0.1816872460450829	0.14282149997127133	0.10228948514249739
Efra.gene14246_i0_length1029.p1		0.00767670356153706	0.002722227572064554																					
Efra.gene14418_i2_length1020.p1											0.0026214502252157636	0.003667812536685454	0	0.002936938493671957	0	0.001307672848286947	0.0017759838951954695	0.0017043483495246118	0.008411845081831577		0.002186466266358907		0.0002477665683185297	0.0017868882998431132
Efra.gene14678_i0_length1005.p1	0.023969765154319738							0.011864459323132365																
Efra.gene15113_i1_length981.p1								0.0014570684169786484																
Efra.gene15574_i0_length957.p1	0.005741219658000942							0.0024741809630639297											0.00039799177275793104					
Efra.gene16475_i0_length912.p1															0									
Efra.gene16498_i0_length912.p1	0.11215413656204566	0.08554258635021872	0.0458736644547293	0.10678474908019342	0.07211074723130757	0	0.032426986509732574	0.2194344549323633	0.048919546802452654	0.054972026094161984	0.21298343387665944	0.03168705572085175	0	0.020460647406031995	0	0.023448158449572057	0.02228032463289595	0.007876829205260644	0.021152378928396602	0	0.01572262238953026	0.01864986788570082	0.01798293030503706	0.01173308407650558
Efra.gene16536_i2_length909.p1	0.0019466863135194164	0.004561226933904472	0.016770203219354702		0.001170810374964875	0	0.0019350081398307598		0.0004801505903191337	0.0016729771985490411	0.0005299456213911916	0.001363798698886887	0	0.0012762363649444113	0	0.0009124076213885188	0.0005089659920026289		0.001828941886615989	0	0.002197164824562994		0.000923752756953084	0.0021868631426600633
Efra.gene16539_i1_length909.p1					0.0012989329138950424												0.001025042977109963	0.0008016705438950575	0.0003991094907969322	0	0.00046958000716144883	0.0006591457448408198	0.0005163538740246982	
Efra.gene16539_i3_length783.p1					0.0011827335206810474																			
Efra.gene16603_i1_length906.p1								0.0027902009809409258																
Efra.gene17074_i1_length884.p1						0						0.0007931427501539314							0.001064590072333776					
Efra.gene17127_i0_length880.p1					0.014782738183094555	0	0.02630436742646676	0.0017877340607256448	0.04143502805758417	0.0328065680922917	0.010950145685701344	0.05413098722024964	0	0.0463622655142679	0	0.049251997784476996	0.04946019777555995	0.041819043143591715	0.06060477468768105	0	0.029491794147368917	0.03169160976262685	0.02929257777864791	0.04633591917305811
Efra.gene17127_i6_length777.p1												0.0424893896077448												
Efra.gene17231_i0_length876.p1																			0.000287694433873153					
Efra.gene17278_i0_length873.p1												0.000738717822624989					0.0007715521105166923	0.0016720075671463473	0.0005649573718271302		0.0006611293605180495			0.0027742716022479946
Efra.gene1749_i1_length3021.p1					0.0062116816119822385	0			0.012092585369868706	0.005399262433074975	0.011511797930528306	0.013003848841550297	0	0.009947673318725916	0	0.013442413532695778	0.010533026318983538	0.009482075300774233	0.02826825833322745	0	0.01298373162163784	0.012059737141766032	0.008147733304536222	0.012266099026080638
Efra.gene1757_i1_length3015.p1														0.0002717033089430787		0.0002221840714699741		0.0007459358624485511		0				0.00026507852936113167
Efra.gene17580_i1_length858.p1					0.010733658414438341													0.0030697607078297652	0.006062220230072762					
Efra.gene17870_i0_length846.p1																			0.0007123293395574254					
Efra.gene18044_i0_length837.p1														0.0023225375375238765				0.0015269006906466105						
Efra.gene18178_i0_length831.p1						0	0.005486552236411354		0.001755251174090088		0.004177616240663997	0.005355197807519322	0	0.0032079244996133563	0	0.00500624294067652		0.004761102251084055	0.004218899826788779	0	0.0017357451204116409			
Efra.gene18440_i0_length819.p1												0.0018439825007979394									0.0024070504587952258	0.0012249574663216523		
Efra.gene18480_i1_length818.p1	0.005642923823410711			0.004683078999991787				0.004578605278034858							0									
Efra.gene1853_i0_length2945.p1						0	0.004861833557192545		0.0012925842249296056	0.0014295056895917292	0.00016419517754917698	0.0029960096043115097	0	0.0038904050929546687	0	0.004034592208010778	0.0025903584034123583	0.003683844953665497	0.002462185135994005	0	0.0018197018748814186	0.0009834746798123505	0.0030715877565995722	0.00207755852279318
Efra.gene18564_i2_length720.p1		0.0013570344244457405	0.006091898990709024		0.03151927971730564	0	0.05070293355600165	0.009814844236824188	0.015674893346211888	0.020462126454142398	0.011412227767264733	0.01748854023101828	0	0.019441298195979353	0	0.017997009299678464	0.024290904226714836	0.031784115668899465	0.024628961513858332	0	0.02454015340511369	0.02280554600088837	0.013017255039289782	0.01654067770133584
Efra.gene18573_i0_length813.p1																			0.002573808834978187					
Efra.gene18607_i0_length813.p1		0.007609891173474316																						
Efra.gene19022_i1_length795.p1				0.006098473981703341																				
Efra.gene19055_i3_length734.p1			0.003930109423548796	0.001581359229969397				0.003254806163558754			0.0037280463724332297	0.0007030507830527296			0	0.0011616667720356418								
Efra.gene19206_i0_length786.p1												0.00043723003294859485												0.0006501630645575377
Efra.gene19494_i1_length774.p1							0.0016436729520250507																	
Efra.gene19562_i0_length771.p1						0																		
Efra.gene19598_i0_length771.p1												0.0005792584921868027		0.00041349184491450673			0.00027136532138082134		0.001001972393777845			0.0007907315541715824		
Efra.gene19920_i0_length759.p1															0									
Efra.gene20233_i0_length744.p1					0.0412840206215239										0	0.03033987419312247				0	0.006055245166723045		0.024613303989485483	
Efra.gene20233_i2_length690.p1														0.02487132427105538					0.049425537299613964					
Efra.gene20233_i3_length579.p1	0.003569389553611122		0.0031234604414245807	0.002509123422199635		0	0.011395098943672613	0.0025326914625850134	0.013745820629886054	0.006786003850072837	0.0016945519584793131	0.013848326728823121	0				0.029316870950555584					0.004894282237825678		0.015591437104024768
Efra.gene21094_i2_length714.p1												0.000428563000431022												
Efra.gene21131_i1_length711.p1	0.005367959916289482	0.004869806605603187	0.00452634292994082		0.015629836517447704	0	0.01225166944310481	0.0021239325575406866	0.031620755663674185	0.022377631720297275	0.01203755078658907	0.024350991232175566	0	0.03081829118558063	0	0.03837569953693296	0.03909411686853141	0.038292284488097614	0.02224538972592521	0	0.021525326670866575	0.046421966689983905	0.03709051128578554	0.028130046352938524
Efra.gene21137_i1_length711.p1					0.004601185499412078		0.002008314534972035					0.002535757991755983		0.000278803254950616	0	0.001625692799037386	0.0029741166832048024	0.0052373502431872715	0.00318597200228157	0	0.0055979949490635944		0.0027656715810530164	0.006842958831768166
Efra.gene21360_i0_length705.p1												0.002178234573939583												
Efra.gene21462_i0_length701.p1						0						0.0021850148491921744					0.0011837295583489848	0.003969837076602429	0.0007971157228147181	0				
Efra.gene22028_i0_length681.p1							0.0008706187858238518								0	0.0013422591152427098	0.003430251944019693		0.0011921894750940504				0.001456163759567892	
Efra.gene22225_i1_length309.p1			0.004530112349047193			0		0.003537275264662169	0.007252400656177123		0.0037691023877023224	0.0083110124386475			0		0.004803351750425178		0.006133094745456662	0				
Efra.gene22328_i1_length673.p1					0.0020943684628093842	0			0.0037430496156420825	0.004299336877894408	0.002140371071377436	0.006129085000431793	0	0.007622508172411776	0	0.0027639718904033574	0.005952995759353177	0.0043580172509319805	0.006448674736698234	0	0.007073294099114864	0.002352735468694959	0.0019864837145562265	0.007205246686861314
Efra.gene23221_i0_length645.p1									0.00626138827484075									0.004355894260244628	0.004413448382341176	0				
Efra.gene23450_i0_length639.p1			0.014633764452293186					0.007197222708576374																
Efra.gene23511_i1_length639.p1					0.00402371842130914	0	0.0017652777115670236	0.005879387737005285	0.011221353343908695	0.013187775522412667	0.01915597233499858	0.011955809860844711	0	0.02098091587603022	0	0.016287441442171785	0.025845315857689163	0.010383084771283609	0.007721661028397681	0	0.004519700410964623	0.009354766349539145	0.0220278422520062	0.012706096171057503
Efra.gene24170_i0_length618.p1									0.009654469250003336			0.007699544333047687	0	0.003174213292087791	0					0				
Efra.gene24458_i0_length609.p1	0.022715909845913235	0.03894050848979905	0.0402087107088145	0.023714075134421548	0.08971455502798775	0	0.13608179702694614	0.018134547603002038	0.12862897221271266	0.10965060734023534	0.08401365772021491	0.12971893962805076	0	0.20169505408374533	0	0.16494181312085202	0.1623169820917257	0.16397494367121673	0.11491417949626911	0	0.11618614654883185	0.1407998045178276	0.17074994394360407	0.11299516984736302
Efra.gene24472_i0_length609.p1				0.01166262132195651																				
Efra.gene2525_i0_length2598.p1		0.0031628322510570323										0.0019094059634429416		0.0015589215261058251			0.005949136500525839			0				
Efra.gene25373_i0_length585.p1												0.0003341817259607982												
Efra.gene25400_i0_length486.p1	0.0012021993686486508	0.0020958372381907524		0.0024531247533553973	0.002749881608625464	0	0.004736645547013851		0.0024498922001314244	0.01012449682568638	0.002532521378774147	0.006294035628595923	0	0.021424613542280934	0	0.002997101273836442	0.0038559912700985182	0.00391747439238477	0.0047193022791341376	0	0.0030102270815454235	0.0025448479257080617	0.0023202469322980233	0.002556060972752472
Efra.gene25400_i1_length585.p1					0.0014590531529992384				0.0015848304622741673	0.005209531383466736	0.0010124911366131916	0.005475312184861187	0	0.010154327136320886	0	0.004345337501233787	0.00665988436808465	0.004254046590433987	0.0026977053241511624	0	0.0022474476994494104		0.0011002739034748346	0.0008713048150622814
Efra.gene25717_i1_length576.p1							0.004861759554557963		0.0022912635475245296			0.0009597266831861776		0.001202283115373425			0.001845364612087445			0	0.0015973432894336981			0.001691682383436741
Efra.gene25799_i1_length576.p1					0.0037077060016144467	0	0.010415003035774216		0.0017805832041671804	0.0021624969508595385	0.0008986000655453314	0.002266818791918389	0	0.0009042827714392754	0	0.0012399154463809225	0.001406173890803126	0.006211523392310751	0.003253299370072901		0.0022182019765963914	0.003754747654245691	0.0016639542078187499	0.0008795993863426004
Efra.gene25963_i0_length570.p1																0.0040897193751060264		0.002916518708947645	0.004758063166143546					0.0022453548517653416
Efra.gene25967_i0_length570.p1						0	0.012374619536465379					0.0027622949260697693		0.0028869669481285626		0.004109113828359781	0.007434225676521457	0.0054821545220229894	0.006765705723329558	0	0.002992759474964475			
Efra.gene25967_i1_length321.p1					0.01054287813644109				0.0026428094790942112															
Efra.gene26093_i0_length567.p1												0.0019255366506297175							0.0021753655224074388	0			0.005673191296351094	
Efra.gene26194_i2_length522.p1																0.0012775590630912704								
Efra.gene26421_i0_length561.p1				0.0016566214223135687																				
Efra.gene26595_i0_length555.p1					0.0014774525018613925																			
Efra.gene26700_i1_length468.p1																			0.0003376930471855106	0	0.0008905627388286554			
Efra.gene26710_i0_length552.p1	0.011270215801596623	0.0023235715463670206	0.008544358242792779	0.002546455511226858	0.011485135327091386	0	0.0192119399113105	0.008474341790235271	0.01466946378712844	0.009528743368151514	0.015103629447391763	0.00861115413836752	0	0.010743963745128874	0	0.013699669093301886	0.01863486806793964	0.018047225025581568	0.010506234897778051	0	0.018573610794204134	0.02704919157752327	0.01868942437452611	0.011620610625652688
Efra.gene26810_i1_length543.p1					0.003354279442875459	0	0.007282826566488403	0.0010718076802065674	0.015653474699450255	0.004927237667602506	0.007985576533282347	0.009973117513641161	0	0.007486107931368697		0.006520207793603189	0.013976473594300166	0.011081987007301257	0.006972973228263632	0	0.0059271542696749035	0.0035807961546556566	0.0112826612561614	0.013174077521103592
Efra.gene26810_i2_length552.p1					0.0032989464490783987	0			0.009796160089672238	0.006593519963443269	0.0012559177228255803	0.009984983022197533	0	0.004923985955500516	0	0.0037926661986824504	0.009843775334124281	0.007216682655072534	0.0017641863231611058	0	0.004543679658064496	0.0060812155733969715	0.0065293610585263236	0.00637229170635293
Efra.gene27122_i0_length543.p1	0.0016109133055896253					0	0.004005178504457892	0.0032119774637761776	0.00921437121109325	0.013779354085543202	0.01667619941711378	0.0071725602792300355	0	0.013545197004386068	0	0.005921223671713861	0.015907995822247695	0.010422300360963777	0.00584828854814304	0	0.005944053296976876	0.01778038782667141	0.018261922542404545	0.012699122187296295
Efra.gene27221_i0_length540.p1												0.00038980110588640647							0.0006632246037666095		0.0007035888152125651			
Efra.gene27331_i1_length540.p1					0.007804385981471005	0	0.0046196720541494055		0.008114840386083682	0.00767369342332626	0.0021268940821155603	0.007969378801736444	0	0.009377909921247768	0	0.006670016500873295	0.0074594295185536974	0.00439621494795734	0.007795711549967564	0	0.0049207508150184215	0.0064998439659089855	0.004424618622519418	0.009875686469242603
Efra.gene27516_i0_length534.p1					0.004445575287388255	0			0.0015033896045814968			0.0024594071720779975	0	0.0030931079269272883	0	0.005446366814835834	0.006723324002696393		0.004214749349731063	0	0.0036164952552480375	0.0013528853273082587	0.0025036891951739043	0.002327987302007547
Efra.gene2834_i2_length480.p1																			0.0010845941023250323		0.0012462319986275344			0.0011815364710613633
Efra.gene28361_i0_length519.p1	0.038452045827940484	0.01350460679823264	0.00616477243247864	0.020561408000340415				0.020396392123538002	0.005515802570979767										0.008553334912823		0.006796967815828033			
Efra.gene28510_i1_length516.p1								0.001083695363448417													0.0015035726671790484			
Efra.gene29879_i0_length489.p1														0.001304762116970255		0.002847039076895343		0.0019067226112879508	0.0015407144198620085					
Efra.gene29886_i0_length489.p1	0.07243559244729558	0.10831820656392517	0.13572435379116687	0.3632706117141815	0.008529460452037556	0	0.005951920483243698	0.16600279693289338	0.01519541957806584	0.021498736253652836	0.14137271731516185	0.0313663537682819	0	0.013911359359120553	0	0.018542856843419588	0.02432024117694908	0.02578028104936502	0.014925148475572417	0	0.07882113918500941	0.015313038342582895	0.013551199505897185	0.16876890227582378
Efra.gene30061_i0_length486.p1												0.0006278765314277464												
Efra.gene30096_i0_length486.p1					0.008392645885411058	0	0.010672449396999474				0.002153664819525429	0.0024525839936512454		0.0019844894191621215	0	0.0024426385887603846	0.010923638505757324	0.03791724475258791	0.005028631251199826	0	0.03017616604302007		0.008436835466330742	0.01831661053962278
Efra.gene30394_i1_length483.p1											0.00132735207241559				0									
Efra.gene30439_i0_length480.p1																0.0006821962010853228							0.000786116741442167	0.0014351569197890918
Efra.gene31160_i0_length470.p1			0.003208049139038946	0.0015245958812509545									0		0									
Efra.gene31366_i0_length466.p1									0.003886719122724581			0.0046493516704954095						0.0036963256919044707	0.011449656655017215	0	0.006311905844631762			0.015723817759414574
Efra.gene31742_i2_length462.p1				0.0067535120869064245		0		0.039055882616208355			0.03651249276757196									0				
Efra.gene31924_i2_length459.p1							0.0034903375411344984		0.002616092200192986			0.0014203100905779886	0	0.0010233831223259858	0	0.0012258607107248855	0.001542550535229068		0.003193237956760519	0	0.004066791632897514	0.0027305115355241607	0.0012760699831347363	0.005063676255817458
Efra.gene32379_i0_length452.p1	0.007402920858407584	0.018967322285104216	0.008325664565774991	0.0033805648007212965	0.0018137888916906525			0.0037482840684534176			0.002286244895796027				0	0.0013618017774607882								
Efra.gene329_i3_length5301.p1		0.0007928353993539776	0.0004945089214658004		0.0014173626147108557	0	0.001160126758891641	0.0009745109273371226	0.0025014911071772486	0.0054979678458667875	0.0009177418901301856	0.002964617174536023	0	0.0023079654356427627	0	0.0010246506148635375	0.0032116503058282567	0.0012283647125897858	0.002726140930008104	0	0.004705648328916008	0.0025528625093354977	0.0020461236231906943	0.004913300471433943
Efra.gene330_i0_length5295.p1				0.00024566550280082853																				
Efra.gene33821_i0_length432.p1				0.0074239005462138135		0	0.002922402714950223			0.0049959217900742035		0.00386333294909257	0	0.0005130876848995321	0	0.0006311995426999944	0.009097842996684535	0.014834319497731724	0.001798356446742738	0			0.0006876145623075986	0.008859708950865408
Efra.gene34053_i0_length429.p1				0.004215913050438058											0									
Efra.gene34277_i0_length426.p1					0.005945795376137256	0	0.012003220987126239		0.012361058698231035	0.0069359246690556264	0.004707658083376625	0.005465206927321751	0	0.012889523548073269	0	0.007378266196761421	0.012911297068650301	0.019486675107576106	0.008681943271662365	0	0.012263016574516283	0.00878261734093494	0.017180272991600496	0.009670527222206616
Efra.gene34351_i1_length426.p1									0.0016432196242569185			0.001164001315242545			0				0.003931189867322204					0.0043042242723655925
Efra.gene34755_i1_length384.p1																		0.004384019617354418						
Efra.gene349_i0_length5181.p1						0	0.0003948326404644097						0	0.0006223881328473685			0.0009026375295941665		0.0011982556187341406	0	0.00013333943520534144			0.0005397977945122426
Efra.gene35075_i0_length418.p1																							0.0046662062437997295	
Efra.gene35579_i0_length414.p1		0.10419341437678105	0.057230461933825576																					
Efra.gene38041_i0_length390.p1		0.017374757407210353																						
Efra.gene38386_i0_length387.p1						0			0.0014503171130229814						0	0.001927242844284095				0	0.0011965553341958027			
Efra.gene38556_i0_length385.p1	0.0077416295873009465		0.008609429587186242	0.004506661687308392			0.001596605057793783	0.01029591677751082			0.00800127991144703	0.0010719549474348413			0				0.0014952268631944598	0			0.0039053467253618514	
Efra.gene399_i0_length4974.p1		0.00017342404439414782			0.0007046774902605779	0	0.0007814376996571244			0.0002905740195660523		0.00026316425219689117	0	0.00011320834502387592			0.00046801048206154486	0.0005025239550769739	0.0006754846817232686	0	0.0008494495525626333		0.00033844720983374345	0.0004508194173862745
Efra.gene40169_i0_length372.p1												0.0016301136734857232		0.002182721010205389					0.003141966305837683		0.0035950190034461423			0.004086136330770362
Efra.gene41065_i0_length366.p1												0.000625796049626812												
Efra.gene41171_i0_length356.p1						0				0.03149000915120405		0.05558356324876427	0	0.027313896215816227		0.046676187796905216	0.06429242985625072		0.05402126046224293	0				
Efra.gene41171_i1_length366.p1	0.023606413137612376	0.027508320824682825	0.008667404799071913	0.013720444197515636	0.0417247165515514		0.05785145031155431	0.005640077670819214	0.029986648036838252		0.022788365327818777				0						0.0359891064665931		0.024495947670600468	0.018936266122601547
Efra.gene42768_i0_length273.p1	0.019703036107241542	0.010298997427086898	0.042240647578833654	0.04984466102597366			0.013565630788934553	0.013328248678946393	0.008497293360054092		0.008568340041182503	0.00516313990412442			0				0.003962731679343645		0.012364929091394875			
Efra.gene42777_i0_length357.p1	0.006187817599600042	0.009769539844113818	0.009196825932850719	0.009561114969165837	0.004017229020537894		0.003729829369795187	0.01761715338853858	0.0035440169947546047	0.002879541910070818	0.017323535047982806	0.0008266279394726027	0	0.0007095665854584145	0	0.0010553594854218792					0.0015991229788166728	0.0027373529531863577	0.0010626826859707705	0.0017292118591517758
Efra.gene42958_i0_length354.p1				0.0702215305865124																				
Efra.gene42994_i0_length354.p1																	0.0010128574521710088	0.013103995963187492		0	0.014005790076052996			
Efra.gene43037_i0_length354.p1					0.05152475877377856	0	0.027215221204265883		0.03211478870389478			0.016787802571993478	0	0.012491282187718403		0.013251512994231305	0.04235821843248328	0.041744080744846715	0.012071551853199936	0	0.040503768094823686	0.03339218293437776	0.01763114930820324	0.02714917116384515
Efra.gene43796_i1_length351.p1																	0.009164532853531816							
Efra.gene44522_i0_length345.p1											0.0033004211128582835													
Efra.gene47379_i0_length333.p1	0.06305043268189833	0.23485308699722782	0.16103529229995292	0.07631430504063287	0.007509366929369733	0		0.17562305184799118		0.024615682983900468	0.03256808248644775		0	0.013498653191310224	0	0.006390215393987763	0.02434580982010826	0.0049543597319012195		0	0.018629852260821048	0.005642870309097141	0.03010970653682666	0.0033647440281166447
Efra.gene48207_i0_length327.p1						0													0.0021162400437001725		0.002158319313908468		0.0015575346713946237	
Efra.gene482_i1_length4723.p1		0.00017185032301650875						0.00021142192864196697	0.0001380052981196851		0.00027948758147025023				0					0	0.00018575795173738057		0.0001504300133190822	
Efra.gene49456_i0_length210.p1												0.04796659455640713		0.03219774041972868					0.11730199529494885		0.030442855856288153		0.03456018614926564	
Efra.gene49456_i1_length324.p1					0.007377645035941748				0.010289226311101166		0.011085028246182703	0.016058603135510347	0	0.008275710223983922	0	0.013248382317864304	0.011184736764043432			0		0.01758352516230613		0.012508060671280921
Efra.gene50115_i0_length321.p1	0.12187859623046947	0.10936743410208086	0.09024274514297832	0.05877755843242371	0.0450576219439358	0	0.042295303912442114	0.038278764709761555	0.03221546598061931	0.04662938021008912	0.018854759247749743	0.05207693181480366	0	0.019461164791548677	0	0.04657793185770489	0.02492228680085153	0.008023938055139835	0.06049211748581053	0	0.025156827927624355	0.05287874983360096	0.01569000720361011	
Efra.gene52470_i0_length312.p1				0.00659212573025181											0									
Efra.gene56456_i0_length297.p1						0																		
Efra.gene56589_i0_length261.p1		0.09671559507850108								0.021416754438083285										0				
Efra.gene59164_i0_length291.p1				0.00354282636531664																				
Efra.gene59690_i0_length288.p1						0	0.004594380097347813		0.003020297793791671	0.0111349427330908	0.002361777266450697	0.006538297537998475	0	0.0036623748091900448		0.002371795610321548	0.005572600204231901	0.006346349392511595	0.010683494207966092	0	0.005133719582708425		0.00776180885292832	0.005534301595592768
Efra.gene6007_i1_length1710.p1									0.002304238556492029			0.0022844090269669246			0							0.002204108391553369		
Efra.gene60545_i1_length273.p1		0.011693845349584753				0	0.05180703415503295					0.01010899569554238	0	0.006756543730534303			0.021320220930644063		0.035714595467178506		0.01648864170292288			
Efra.gene6232_i1_length1047.p1																								0.0013316950244909905
Efra.gene62669_i0_length282.p1	0.3639894989125384			0.05601049799899676	0.07373778437747383	0		0.08838440531227837	0.024285283348163392		0.10174495899104742				0	0.03128801334322814								
Efra.gene6459_i2_length357.p1						0													0.0015249412091262737					
Efra.gene6519_i1_length1659.p1																								0.0010816675492971157
Efra.gene6586_i0_length1651.p1					0.0009643421800803126	0			0.0008637103861058858			0.00026162191611790264		0.00023563976797227014		0.0006319045179214095	0.0003671148224632954		0.0003175741845326475	0	0.0010053481629177415		0.00030021661390494615	
Efra.gene67076_i0_length270.p1														0.0058865975091796224					0.001563236922246566			0.002841545149978687	0.0013443964980235407	
Efra.gene68755_i0_length267.p1			0.010001908393455857																					
Efra.gene6959_i0_length1608.p1			0.0013848472586106514																		0.0006650065575113036			
Efra.gene6991_i0_length1602.p1																							0.00039063347897784343	
Efra.gene70882_i0_length264.p1						0											0.00536455310803691			0			0.00543161419095548	
Efra.gene74167_i0_length258.p1							0.021062095178502792																	
Efra.gene7558_i0_length1539.p1									0.0023119623457978932			0.0016391202557363572					0.0038913959947173013	0.0013320525315242574	0.0022743615725968405	0	0.003501160119433527	0.005794462938048643	0.005543534871775674	0.0064312361594175745
Efra.gene7598_i0_length1533.p1					0.007441477032244473	0	0.003884573960388511				0.0016137865949195235	0.00047780006275355454	0		0	0.0020146946810044694	0.0018390842861919754	0.008843143626655661	0.003704138122598867	0	0.012842217495593583	0.006536694653289413		0.005713910001247614
Efra.gene7751_i0_length1518.p1									0.0018871047222330634		0.0036288921993555137	0.0014267065849558258	0		0	0.0007892350445529038			0.0003813297229848902		0.00022180876259459822	0.0007967270115953116		0.00014809312097024662
Efra.gene813_i1_length4026.p1					0.0006758743106982139				0.002277654378809673		0.003615883186808696	0.002173340480735285	0	0.0013962180538692737	0	0.0033967122858130855	0.0026166539000963573	0.0020913105719897493	0.005523624682695687		0.0035012283198062838	0.002102683640441334	0.0012881844296363184	0.0034297002836106705
Efra.gene82151_i1_length246.p1									0.0005991787757062397															
Efra.gene8230_i0_length1470.p1									0.0010961323894863248			0.000996039125830698		0.0018676268654908444		0.000248474341699828	0.0017139057046860506	0.0009915395299850253	0.0013860944780753385	0	0.002427207039499465		0.002395130202521755	0.003110046426784732
Efra.gene82314_i0_length246.p1									0.0013802002941527387			0.007875221835207134				0.002851058442653104								
Efra.gene8953_i1_length1399.p1												0.0003321983242827585					0.0004979023420854551		0.000207898394352651					
Efra.gene91141_i0_length234.p1			0.15017115292755817																					
Efra.gene9182_i0_length1380.p1			0.004650811165401838														0.003636505015369212							
Efra.gene9478_i0_length1353.p1						0			0.0022837855123759377			0.003074823330932106		0.004081638837589744	0	0.0032376758361956134	0.002563559336194207	0.005093611400831462	0.0022551164124822586	0	0.001601904744465775	0.0011462715502900814	0.004117426894793473	0.0031184757909633984
Efra.gene9603_i0_length1344.p1								0.0009797347897402878																
Efra.gene9742_i0_length1332.p1			0.003234809793996528	0.0031573823353937516				0.003496362648748198			0.0019722442736635876				0									
Efra.gene99937_i0_length225.p1	0.06753702468329756		0.023655144039548222	0.05144807050336942	0.07485227341114277	0	0.08471546010203053	0.007665525430121713	0.06323445431844618	0.10589278462280005	0.04528642675532539	0.06126529559385055	0	0.052028396002200133		0.0534362644459131	0.06350165076215947	0.040434934774109886		0	0.0519472997205605	0.08425164373911154		