Accession	0.1	0.2	0.3	0.4	1.1	1.2	1.3	1.4	3.1	3.2	3.4	5.1	5.2	5.3	5.4	7.1	7.2	7.3	10.1	10.2	10.3	12.1	12.2	12.3
Efra.gene10049_i0_length1308.p1	2.0	4.05	7.02	6.0			2.3	3.54	2.0	1.36	2.99	0.79		2.0	2.02	1.23	9.08		2.55	2.07	2.0		4.01	3.66
Efra.gene10189_i0_length1293.p1									2.03			4.13		4.04		3.77	2.01	8.0	6.0	3.08	2.0		2.3	6.51
Efra.gene10803_i4_length1062.p1																						1.4	0.61	
Efra.gene10979_i0_length1233.p1						4.0			6.0		11.3	6.0	3.89	6.0	2.05	4.22	5.29	2.0	6.0	6.0	2.0	3.77	18.71	4.6
Efra.gene10979_i3_length1134.p1																					4.03			
Efra.gene110165_i0_length213.p1		2.0	0.33		2.0	2.0										1.48								
Efra.gene11166_i2_length1221.p1												2.0									2.0			
Efra.gene113616_i0_length210.p1					1.7																			
Efra.gene1160_i1_length3549.p1												2.0												
Efra.gene11716_i0_length1179.p1					2.0				2.0					2.0		2.0			2.0	2.0	2.0	1.57		
Efra.gene11803_i0_length1173.p1																1.82								
Efra.gene12082_i0_length1156.p1									1.51							4.71	2.57		2.01	2.15	2.0	2.69		
Efra.gene12182_i0_length1149.p1							2.0			1.75		1.19						8.0						
Efra.gene12442_i0_length1134.p1									2.0			4.0						4.0	2.0	2.01			2.0	2.43
Efra.gene12565_i0_length1128.p1																							2.0	
Efra.gene12660_i0_length1122.p1												1.3		2.0						2.0				
Efra.gene12747_i0_length1116.p1	2.0	2.0	4.0	2.0				2.0		1.47	2.0				2.0					2.0	2.0			
Efra.gene1287_i0_length3423.p1	3.37							3.65							1.55									
Efra.gene12899_i0_length1107.p1														2.0						2.0				
Efra.gene13656_i0_length1062.p1						2.0			4.0			2.1		6.03	3.44	4.0	4.0	4.0	4.14	4.0	2.0	4.0	4.0	
Efra.gene13900_i0_length1047.p1					1.85		2.0		4.0			6.0	2.01	2.0		4.0	2.0	6.0	4.0	2.0	2.0	2.0	2.0	2.0
Efra.gene13951_i0_length1044.p1																			2.0					
Efra.gene14059_i2_length1041.p1		4.03	4.05	6.0	0.33	4.0	2.01	6.0	16.15	4.01	2.01	19.05	2.0	2.0	15.44	0.92	18.51	2.0	0.3	18.02	2.0	16.45	4.93	16.46
Efra.gene14246_i0_length1029.p1		6.0	2.0																					
Efra.gene14418_i2_length1020.p1											2.2	5.38	1.72	4.08	4.37	4.1	2.06	4.0	10.86		4.23		1.78	2.26
Efra.gene14678_i0_length1005.p1	4.61							2.06																
Efra.gene15113_i1_length981.p1								2.0																
Efra.gene15574_i0_length957.p1	3.03							2.12											1.6					
Efra.gene16475_i0_length912.p1															2.02									
Efra.gene16498_i0_length912.p1	12.0	12.3	13.7	18.0	9.42	12.46	12.02	24.0	13.93	10.21	22.32	14.74	11.87	14.99	22.87	10.64	7.76	8.0	9.23	8.13	8.71	6.98	9.37	5.08
Efra.gene16536_i2_length909.p1	2.0	2.0	4.73		2.0	2.0	2.0		2.0	1.31	1.19	2.0	2.0	2.0	2.0	2.0	2.0		2.0	2.0	2.01		2.0	2.12
Efra.gene16539_i1_length909.p1					0.51												3.57	4.0	2.0	2.0	2.0	2.0	1.39	
Efra.gene16539_i3_length783.p1					2.0																			
Efra.gene16603_i1_length906.p1								2.0																
Efra.gene17074_i1_length884.p1						2.0						1.59							2.0					
Efra.gene17127_i0_length880.p1					2.27	7.07	25.1	2.42	18.26	16.03	8.56	2.0	21.81	35.38	14.17	24.63	19.48	30.34	40.22	23.16	28.61	8.9	27.38	18.32
Efra.gene17127_i6_length777.p1												0.87												
Efra.gene17231_i0_length876.p1																			2.01					
Efra.gene17278_i0_length873.p1												2.0					2.0	6.0	2.0		2.0			2.58
Efra.gene1749_i1_length3021.p1					11.25	10.0			27.0	8.17	26.0	46.23	28.34	30.44	39.94	36.48	26.76	40.71	56.53	11.25	36.44	17.55	24.94	29.45
Efra.gene1757_i1_length3015.p1														2.0		2.18		10.0		4.14				2.0
Efra.gene17580_i1_length858.p1					2.36													6.0	1.83					
Efra.gene17870_i0_length846.p1																			2.0					
Efra.gene18044_i0_length837.p1														2.02				2.06						
Efra.gene18178_i0_length831.p1						4.0	3.43		3.33		4.3	6.69	2.07	5.69	2.67	2.86		10.0	5.03	6.14	4.0			
Efra.gene18440_i0_length819.p1												1.7									1.48	1.48		
Efra.gene18480_i1_length818.p1	2.21			4.03				1.52							2.16									
Efra.gene1853_i0_length2945.p1						6.0	4.0		7.81	3.2	2.0	20.79	6.56	21.4	6.0	19.09	18.07	22.51	15.41	23.54	7.35	4.98	10.67	14.04
Efra.gene18564_i2_length720.p1		2.0	2.15		6.07	6.0	8.85	2.0	8.01	5.55	6.0	9.84	8.08	12.0	6.02	12.0	7.86	14.0	11.92	8.0	12.0	8.0	8.02	6.43
Efra.gene18573_i0_length813.p1																			3.1					
Efra.gene18607_i0_length813.p1		4.0																						
Efra.gene19022_i1_length795.p1				4.0																				
Efra.gene19055_i3_length734.p1			2.0	2.0				2.0			2.07	1.38			2.06	2.0								
Efra.gene19206_i0_length786.p1												2.0												1.74
Efra.gene19494_i1_length774.p1							2.0																	
Efra.gene19562_i0_length771.p1						2.0																		
Efra.gene19598_i0_length771.p1												4.0		2.0			2.0		4.0			2.0		
Efra.gene19920_i0_length759.p1															2.0									
Efra.gene20233_i0_length744.p1					2.39										2.08	2.07				2.0	2.01		2.04	
Efra.gene20233_i2_length690.p1														2.02					3.72					
Efra.gene20233_i3_length579.p1	2.0		2.0	2.0		2.15	2.0	2.0	2.03	2.0	2.0	2.0	2.03				2.03					2.0		2.1
Efra.gene21094_i2_length714.p1												2.0												
Efra.gene21131_i1_length711.p1	5.18	4.0	2.02		6.0	18.72	8.09	1.68	12.16	11.17	5.75	18.81	14.27	20.25	6.7	15.25	16.78	26.0	12.67	15.74	13.78	3.87	14.59	7.82
Efra.gene21137_i1_length711.p1					2.14		2.0					1.8		2.0	6.0	4.0	4.52	6.0	5.55	6.0	3.03		3.27	2.34
Efra.gene21360_i0_length705.p1												2.09												
Efra.gene21462_i0_length701.p1						2.0						4.54					2.0	6.0	3.96	4.34				
Efra.gene22028_i0_length681.p1							0.34								1.96	2.0	2.0		0.3				2.0	
Efra.gene22225_i1_length309.p1			2.0			2.0		2.0	2.0		2.0	0.97			2.0		2.0		2.0	2.0				
Efra.gene22328_i1_length673.p1					2.0	4.0			4.48	3.61	1.5	9.14	2.03	8.0	2.06	4.0	4.05	8.0	8.22	8.0	5.34	2.0	4.09	3.02
Efra.gene23221_i0_length645.p1									0.97									6.0	0.48	2.45				
Efra.gene23450_i0_length639.p1			2.13					2.1																
Efra.gene23511_i1_length639.p1					1.52	4.85	1.14	2.09	3.03	2.09	8.01	6.08	4.05	6.0	3.2	6.47	5.07	6.0	6.0	6.02	2.92	2.47	6.99	7.58
Efra.gene24170_i0_length618.p1									1.77			1.57	2.0	2.0	1.85					2.0				
Efra.gene24458_i0_length609.p1	10.88	12.01	9.92	10.0	16.0	18.39	18.0	12.0	21.66	16.89	21.23	25.78	24.0	26.12	17.31	20.83	18.03	30.39	23.96	20.91	17.78	15.51	20.1	18.74
Efra.gene24472_i0_length609.p1				2.0																				
Efra.gene2525_i0_length2598.p1		1.62										0.55		0.75			0.98			2.0				
Efra.gene25373_i0_length585.p1												1.51												
Efra.gene25400_i0_length486.p1	2.0	2.0		2.0	2.0	2.0	2.0		2.0	2.0	2.0	2.0	2.0	4.0	2.0	2.0	2.0	2.0	3.64	2.0	2.0	2.0	2.0	2.0
Efra.gene25400_i1_length585.p1					1.44				2.0	4.0	2.0	4.0	4.0	2.0	2.0	2.0	2.0	4.0	2.0	2.0	2.0		2.0	2.0
Efra.gene25717_i1_length576.p1							2.0		2.0			2.0		2.0			2.01			2.0	2.0			1.29
Efra.gene25799_i1_length576.p1					2.4	2.0	2.0		2.0	2.0	2.0	2.0	2.0	2.0	2.0	2.0	2.0	4.0	4.0		2.0	2.03	2.0	2.0
Efra.gene25963_i0_length570.p1																2.4		6.0	0.95					2.61
Efra.gene25967_i0_length570.p1						6.0	6.0					6.0		6.0		4.0	4.44	4.0	6.0	4.0	4.0			
Efra.gene25967_i1_length321.p1					2.0				2.0															
Efra.gene26093_i0_length567.p1												2.12							5.15	2.0			5.47	
Efra.gene26194_i2_length522.p1																1.85								
Efra.gene26421_i0_length561.p1				2.0																				
Efra.gene26595_i0_length555.p1					1.57																			
Efra.gene26700_i1_length468.p1																			2.0	1.24	2.0			
Efra.gene26710_i0_length552.p1	4.74	4.0	4.03	2.0	7.97	8.02	6.0	5.47	8.03	4.07	8.02	10.0	10.0	10.0	8.01	6.35	7.15	10.0	8.0	8.05	7.09	6.57	8.0	7.63
Efra.gene26810_i1_length543.p1					2.0	2.0	2.0	1.82	4.11	2.04	2.01	4.28	2.02	2.0		3.16	2.06	4.0	2.13	4.0	2.45	2.41	3.29	2.52
Efra.gene26810_i2_length552.p1					2.02	2.0			2.0	2.0	2.0	2.0	2.0	6.01	2.01	2.0	2.0	2.0	2.0	2.0	2.0	2.0	2.0	2.0
Efra.gene27122_i0_length543.p1	2.0					6.0	2.0	4.0	6.0	6.0	5.8	8.14	4.0	8.0	6.35	4.0	10.0	10.0	4.26	10.0	6.0	5.8	9.55	4.03
Efra.gene27221_i0_length540.p1												2.0							2.0		1.51			
Efra.gene27331_i1_length540.p1					4.19	2.0	4.0		4.79	4.78	2.24	5.34	4.1	6.0	4.45	4.01	4.75	4.0	4.02	4.0	4.73	2.98	3.12	3.63
Efra.gene27516_i0_length534.p1					2.1	2.0			2.0			3.89	2.0	4.0	2.0	2.0	3.15		4.87	2.05	2.38	2.0	2.62	2.73
Efra.gene2834_i2_length480.p1																			2.0		2.0			1.8
Efra.gene28361_i0_length519.p1	2.28	4.0	2.02	4.31				4.0	2.03										1.54		1.43			
Efra.gene28510_i1_length516.p1								1.28													2.0			
Efra.gene29879_i0_length489.p1														2.0		2.02		2.02	2.0					
Efra.gene29886_i0_length489.p1	6.0	6.0	6.0	6.01	2.0	4.0	4.01	5.29	2.0	5.54	6.58	2.0	8.83	6.0	6.0	2.0	4.0	8.0	4.0	4.01	9.7	1.54	2.39	4.47
Efra.gene30061_i0_length486.p1												2.0												
Efra.gene30096_i0_length486.p1					3.73	4.17	2.06				1.76	3.16		2.07	3.73	2.43	2.68	14.0	4.26	6.0	8.19		1.06	3.17
Efra.gene30394_i1_length483.p1											2.01				7.12									
Efra.gene30439_i0_length480.p1																2.0							1.49	2.0
Efra.gene31160_i0_length470.p1			2.0	2.0									2.0		2.0									
Efra.gene31366_i0_length466.p1									2.0			2.0						4.0	4.0	2.0	0.91			3.89
Efra.gene31742_i2_length462.p1				2.0		2.0		2.95			1.39									2.0				
Efra.gene31924_i2_length459.p1							2.0		2.0			2.0	2.0	2.0	2.0	2.0	2.0		2.0	2.0	2.0	2.0	1.82	2.02
Efra.gene32379_i0_length452.p1	2.0	2.0	2.0	2.0	2.0			2.0			2.0				2.0	2.0								
Efra.gene329_i3_length5301.p1		4.0	2.0		1.16	4.0	4.0	2.0	3.5	3.26	4.0	5.58	7.39	6.0	3.8	0.87	4.22	4.0	7.4	6.12	5.63	2.08	2.66	1.59
Efra.gene330_i0_length5295.p1				2.0																				
Efra.gene33821_i0_length432.p1				2.02		2.0	2.0			1.28		4.0	4.0	2.0	2.0	2.0	4.0	4.0	2.0	2.0			2.0	2.0
Efra.gene34053_i0_length429.p1				2.0											2.04									
Efra.gene34277_i0_length426.p1					5.46	6.0	6.0		7.64	4.73	5.92	8.0	5.11	6.0	6.14	8.0	8.0	10.0	6.67	10.0	6.0	6.0	10.0	5.59
Efra.gene34351_i1_length426.p1									2.0			2.0			5.03				5.62					6.0
Efra.gene34755_i1_length384.p1																		4.0						
Efra.gene349_i0_length5181.p1						4.0	2.0						4.17	10.0			6.07		9.73	9.81	2.0			3.33
Efra.gene35075_i0_length418.p1																							1.32	
Efra.gene35579_i0_length414.p1		6.0	4.0																					
Efra.gene38041_i0_length390.p1		4.0																						
Efra.gene38386_i0_length387.p1						2.0			2.0						2.0	0.97				1.7	2.0			
Efra.gene38556_i0_length385.p1	2.0		2.0	2.0			2.0	3.06			2.01	2.0			2.0				2.0	2.0			2.0	
Efra.gene399_i0_length4974.p1		2.0			4.15	4.0	4.03			1.5		4.0	1.44	2.0			4.5	8.0	4.01	2.63	4.18		2.74	3.19
Efra.gene40169_i0_length372.p1												2.0		2.0					2.0		2.0			1.92
Efra.gene41065_i0_length366.p1												2.0												
Efra.gene41171_i0_length356.p1						4.0				4.0		6.0	4.0	4.0		6.0	6.0		6.0	6.0				
Efra.gene41171_i1_length366.p1	2.0	2.0	2.0	2.0	3.09		4.0	2.0	2.0		2.0				2.0						2.0		2.91	2.9
Efra.gene42768_i0_length273.p1	2.0	2.0	2.0	2.0			2.0	2.0	1.42		2.0	2.0			1.85				2.01		2.0			
Efra.gene42777_i0_length357.p1	2.0	2.0	2.0	2.0	2.0		2.0	2.0	2.0	2.0	2.0	2.0	1.7	2.0	2.0	2.0					2.0	2.0	1.49	2.0
Efra.gene42958_i0_length354.p1				2.0																				
Efra.gene42994_i0_length354.p1																	1.68	4.0		2.0	4.0			
Efra.gene43037_i0_length354.p1					2.76	3.29	4.61		4.19			4.11	4.0	5.19		2.82	3.74	6.16	2.04	4.58	5.12	2.38	1.41	3.43
Efra.gene43796_i1_length351.p1																	1.56							
Efra.gene44522_i0_length345.p1											2.04													
Efra.gene47379_i0_length333.p1	4.25	2.0	3.43	10.0	2.04	4.07		2.0		4.0	6.21		3.74	4.01	4.97	2.05	3.28	4.0		2.13	2.08	2.02	2.2	2.01
Efra.gene48207_i0_length327.p1						2.0													2.0		2.0		1.66	
Efra.gene482_i1_length4723.p1		2.0						2.0	2.0		2.0				2.0					2.0	2.0		2.0	
Efra.gene49456_i0_length210.p1												2.0		2.0					2.0		4.0		2.0	
Efra.gene49456_i1_length324.p1					2.0				2.13		1.66	6.0	4.0	2.0	2.0	2.0	0.62			2.17		2.02		2.01
Efra.gene50115_i0_length321.p1	6.14	4.08	4.34	8.0	4.0	2.17	8.0	4.01	4.05	6.01	2.6	6.22	7.2	6.08	4.04	6.06	4.08	6.0	6.0	4.23	3.22	4.0	4.0	
Efra.gene52470_i0_length312.p1				2.0											1.46									
Efra.gene56456_i0_length297.p1						2.0																		
Efra.gene56589_i0_length261.p1		2.25								3.92										2.64				
Efra.gene59164_i0_length291.p1				2.0																				
Efra.gene59690_i0_length288.p1						4.05	2.0		2.08	2.36	2.0	4.48	4.0	4.0		2.04	2.06	6.0	2.0	2.11	2.06		2.15	0.55
Efra.gene6007_i1_length1710.p1									2.0			2.0			1.54							1.8		
Efra.gene60545_i1_length273.p1		2.0				2.0	2.0					1.44	2.0	2.0			2.0		2.0		2.0			
Efra.gene6232_i1_length1047.p1																								1.66
Efra.gene62669_i0_length282.p1	2.01			2.07	2.0	2.04		2.0	2.0		2.0				2.04	2.0								
Efra.gene6459_i2_length357.p1						2.0													2.0					
Efra.gene6519_i1_length1659.p1																								2.29
Efra.gene6586_i0_length1651.p1					2.0	2.0			2.0			2.0		2.0		2.0	2.0		2.0	2.0	0.5		2.0	
Efra.gene67076_i0_length270.p1														2.02					2.0			1.68	2.0	
Efra.gene68755_i0_length267.p1			2.0																					
Efra.gene6959_i0_length1608.p1			2.0																		2.0			
Efra.gene6991_i0_length1602.p1																							0.95	
Efra.gene70882_i0_length264.p1						2.0											2.0			2.0			2.0	
Efra.gene74167_i0_length258.p1							0.64																	
Efra.gene7558_i0_length1539.p1									2.58			5.75					2.91	6.0	3.5	4.07	4.33	2.55	7.86	6.59
Efra.gene7598_i0_length1533.p1					4.97	2.12	4.0				1.74	2.28	3.37		2.14	3.25	2.77	8.0	4.44	4.25	8.0	5.96		5.62
Efra.gene7751_i0_length1518.p1									6.05		8.87	7.3	2.05		6.09	6.0			5.85		2.0	1.92		2.0
Efra.gene813_i1_length4026.p1					1.66				8.31		12.42	14.15	8.29	2.02	17.01	16.84	0.77	14.0	18.11		12.37	2.29	3.32	11.12
Efra.gene82151_i1_length246.p1									0.37															
Efra.gene8230_i0_length1470.p1									2.87			4.05		5.17		2.0	5.06	4.0	4.42	4.0	3.48		4.81	5.68
Efra.gene82314_i0_length246.p1									2.0			2.0				2.0								
Efra.gene8953_i1_length1399.p1												2.0					2.0		1.37					
Efra.gene91141_i0_length234.p1			1.15																					
Efra.gene9182_i0_length1380.p1			4.0														4.0							
Efra.gene9478_i0_length1353.p1						2.0			4.0			8.08		12.0	2.57	6.48	6.15	10.0	6.4	8.0	4.0	4.0	7.54	6.0
Efra.gene9603_i0_length1344.p1								1.21																
Efra.gene9742_i0_length1332.p1			2.02	4.0				2.7			1.56				2.0									
Efra.gene99937_i0_length225.p1	0.58		2.0	2.03	0.3	2.01	4.0	2.02	1.49	2.77	2.0	2.0	6.0	4.0		2.01	0.74	4.0		2.03	0.38	0.88		