Accession	0.1	0.2	0.3	1.1	1.2	1.3	3.1	3.2	5.1	5.2	5.3	7.1	7.2	7.3	10.1	10.2	10.3	12.1	12.2	12.3
Efra.gene10048_i0_length1308.p1			6736.593000000001																	
Efra.gene10049_i0_length1308.p1		37432.644799999995	24964.4969					37358.619999999995			23183.37	29175.712	31388.594999999998		18835.879999999997	-11.0	12961.006999999998		8227.446	12342.900000000001
Efra.gene10189_i0_length1293.p1						2860.7956	8875.823		15507.644		17075.047899999998	23434.284	15382.559	49236.055	30559.789		8750.400000000001		35679.664000000004	31807.118
Efra.gene10803_i4_length1062.p1																-7.0		161464.55860000002	31399.3199	
Efra.gene10913_i0_length1239.p1																			198557.5853	
Efra.gene10979_i0_length1233.p1									340461.2550000001			490174.76	251234.4156999999	305152.6476000001	275002.181				538416.0719999999	
Efra.gene10979_i3_length1134.p1																	133717.1818	331745.80999999994		
Efra.gene110165_i0_length213.p1		6699.112		52231.12	33817.898															
Efra.gene11166_i2_length1221.p1									17435.267								1623.3831			
Efra.gene113616_i0_length210.p1				9879.388																
Efra.gene1160_i1_length3549.p1									82067.783											
Efra.gene11716_i0_length1179.p1				8478.038			3144.294				2947.718	9327.228		18145.345999999998	8095.686					
Efra.gene11803_i0_length1173.p1												38948.771								
Efra.gene11804_i0_length1173.p1														4800.0323	8684.699					
Efra.gene12082_i0_length1156.p1							8765.562000000002					18946.186999999998	13106.75		87171.723	-5.0	4836.014	9176.624000000002		14940.175000000001
Efra.gene12182_i0_length1149.p1					183116.014	71904.9278	261922.9918	253379.93099999998		196140.17390000002	252681.59880000007					-35.0	199991.18350000004			371553.48760000005
Efra.gene12280_i0_length1146.p1												487545.6929999999								
Efra.gene12442_i0_length1134.p1					184593.217	78380.72890000002	289677.50480000005	292075.3832	343560.765		237926.15660000002	456769.1009999999	208837.2086999999	300543.32740000007	297267.92399999994	-32.0		396425.84839999984	524459.164	371520.33550000004
Efra.gene12565_i0_length1128.p1																			11123.371	
Efra.gene12660_i0_length1122.p1								1518.759			1956.691					-1.0			9778.948999999999	
Efra.gene12747_i0_length1116.p1	3790.648	1471.216	19822.802699999997					12595.0								-2.0	940.4438			
Efra.gene12899_i0_length1107.p1									19648.469999999998		4009.528									
Efra.gene13129_i0_length1095.p1															314865.85699999996					
Efra.gene13656_i0_length1062.p1					8425.314		17464.5508				20435.365	18214.690000000002	11799.835299999999	32939.763999999996	39957.061	-4.0	11711.3101	15481.094	19664.307	
Efra.gene13900_i0_length1047.p1				4831.315		3432.8919	22546.9388		18986.7489	10389.438		27048.0897		39607.67199999999	53902.519	-3.0	8008.9941	15481.094		15326.096000000001
Efra.gene13951_i0_length1044.p1															202607.334					
Efra.gene14059_i2_length1041.p1		50114.397	16438.852899999998	206266.39599999998	177093.938	79065.51770000001	273274.07950000005	259125.33099999998	333434.3190000001	195089.4069	230938.55870000002	427718.86699999997	196271.94889999996	267754.0908	268791.6649999999	-32.0	157216.4237	352434.49299999996	518445.9360000001	324556.9877999999
Efra.gene14246_i0_length1029.p1		14724.409	4055.947																	
Efra.gene14418_i2_length1020.p1									25079.0533	10724.2657	60736.276	59675.857	96120.609	39690.437000000005	137353.37700000004		6926.5114		23094.885	9726.9288
Efra.gene14678_i0_length1005.p1	56693.152																			
Efra.gene15484_i0_length963.p1			11549.421																	
Efra.gene15574_i0_length957.p1	24866.968														31950.756					
Efra.gene16498_i0_length912.p1	1003184.545	475929.8758000001	641107.7215999999	211115.32259999998	148104.82330000002	43097.3812	143835.2245	298135.326	216010.3823	198854.181	138151.85359999997	180524.60420000003	282149.245	164007.7281	256534.3284	-14.0	150075.3139	95386.97389999998	143376.47799999997	300565.78300000005
Efra.gene16536_i2_length909.p1		17438.413	16073.8752	41720.238	3768.698	1632.943	1437.469	15034.758999999998	64450.722	4029.693	7841.715	4383.282999999999	1259.05	3298.512	91380.41		11489.1158		6437.424	7898.472
Efra.gene16539_i1_length909.p1				6127.4146			62490.806699999994						6787.9581	40741.499	230051.135	-3.0	7899.459199999999	21061.171	28621.7829	
Efra.gene17074_i1_length884.p1															5599.644					
Efra.gene17127_i0_length880.p1					108101.0968	35615.392199999995	58770.58040000001	63750.386900000005	264437.83600000007	110261.25410000002	139637.66420000003	210835.61980000001	122243.78099999999	196695.25449999998	318128.313	-37.0	141596.63250000004	73241.22629999998	96915.69500000002	122315.77160000002
Efra.gene17127_i6_length777.p1									220283.5300000001											
Efra.gene17231_i0_length876.p1															19518.033					
Efra.gene17278_i0_length873.p1									4288.469				2075.911	11867.775			1135.936			11911.122
Efra.gene1749_i1_length3021.p1				106437.23300000001	136737.9321		181213.49139999997	44305.6663	250065.35600000003	185453.42899999995	113280.68820000002	269903.4097	300501.2200999999	183929.1417	713546.0190000003	-24.0	147702.4067	333718.57409999997	173477.0746	158056.9419
Efra.gene1749_i7_length714.p1											38170.93860000001								39206.216	
Efra.gene1757_i1_length3015.p1											32262.751	338530.12750000006		67219.56679999999		-17.0				11180.349000000002
Efra.gene17580_i1_length858.p1				13315.215							7637.3002			15860.019	28988.978				10330.48	
Efra.gene17870_i0_length846.p1															5286.488					
Efra.gene18044_i0_length837.p1											26079.434999999998			13575.1778						
Efra.gene18178_i0_length831.p1					31737.289	5410.877	30098.944499999998		33119.308999999994	13217.9715	23303.822	17930.158		123492.12299999999	45378.23	-7.0	14355.994000000002		10161.903999999999	
Efra.gene18440_i0_length819.p1									5269.003									1660.029		
Efra.gene18480_i1_length818.p1	24341.790999999997																			
Efra.gene1853_i0_length2945.p1					86955.718	7902.4400000000005	27726.6139	71710.2396	79029.79999999999	25771.072	63528.69759999999	170782.86700000003	55538.651300000005	93524.427	79658.63500000001	-23.0	25015.414399999998	21246.346000000005	77290.17899999999	48254.31699999999
Efra.gene18564_i2_length720.p1		6033.443	3746.7819	55438.416999999994	63109.662	36198.5059	30763.582	55274.922	65191.73510000001	60425.80900000001	57379.6681	91441.869	51168.1013	107155.95099999999	115788.98700000002	-10.0	40187.0756	31053.138	61353.3758	45232.017
Efra.gene18573_i0_length813.p1															11972.001					
Efra.gene18607_i0_length813.p1		20970.166000000005																		
Efra.gene19055_i1_length792.p1			1630.244									2383.176								
Efra.gene19206_i0_length786.p1									4145.651											6289.884
Efra.gene19250_i1_length786.p1							1816.067					2856.397								
Efra.gene19494_i1_length774.p1	4966.407					1216.27														
Efra.gene19598_i0_length771.p1									8223.195		1405.055		5062.3108999999995		7905.34			977.478		
Efra.gene19992_i0_length618.p1							86114.53000000001		72699.78799999999			68836.878						27331.36		
Efra.gene20233_i0_length744.p1	29235.694		23850.025	63025.82999999998	48531.01	7690.2984	15136.2112	12983.777	63086.049999999996	19335.02	50782.38599999999	67654.74319999998	46564.906	56236.369999999995	148175.79599999997	-9.0	21368.988999999998	15832.233	56786.463	26652.706000000002
Efra.gene20528_i0_length735.p1														2417.7592						
Efra.gene21131_i1_length711.p1	16571.735	54955.9357	4467.6837000000005	21353.929	137078.62900000002	20665.8614	60063.256400000006	48239.82889999999	122568.61640000003	55927.31869999999	74975.3517	139113.46900000004	80837.5395	147177.89939999997	102558.01399999998	-18.0	49090.2796	66799.02500000001	110953.416	53517.419
Efra.gene21137_i1_length711.p1				7271.879000000001		17228.5469					3180.017	5114.7964	10963.789	19301.534	133045.254	-3.0	9583.433099999998		9808.554	
Efra.gene21360_i0_length705.p1									7006.57											
Efra.gene21462_i0_length701.p1					6900.457				31759.8698				13130.935000000001	42694.259	14160.206999999999	-5.0				
Efra.gene22028_i0_length681.p1											9818.429	4084.8147	5209.956						5243.735000000001	
Efra.gene22143_i0_length678.p1												15955.9205								
Efra.gene22225_i1_length309.p1					9887.586		10010.225									-2.0				
Efra.gene22328_i1_length673.p1				2314.189	5986.553	3244.0067	28228.210000000003	18720.11	79016.73999999999	7827.401	27774.059	35642.03	15786.717	25056.531000000003	74501.763	-8.0	12720.212	33093.88	29428.747999999996	23040.165
Efra.gene22719_i0_length660.p1														15031.052	48042.648					
Efra.gene23221_i0_length645.p1							10558.86					12364.934	10427.546999999999	15672.845000000001	28052.232				10558.476	
Efra.gene23450_i0_length639.p1			5064.989																	
Efra.gene24170_i0_length618.p1							25400.564		68425.939			42895.358		16994.994	23524.327			12197.742		
Efra.gene24458_i0_length609.p1	54521.867000000006	29072.584000000003	16678.4252	90093.62490000001	178807.50550000003	68098.2965	165370.2336	147514.97529999996	396746.01060000004	159251.22780000002	292914.9147	424823.516	243451.589	437499.24460000003	369722.0155000001	-45.0	153037.2179	150884.53120000003	316147.7249999999	183849.76900000003
Efra.gene25400_i0_length486.p1	1380.594	1197.53		4315.559	5296.343	9526.803	5305.294	7024.648999999999	26337.007999999998	8015.177	36296.179000000004	15695.616999999998	11688.421	21301.510000000002	16896.802	-3.0	11868.473	2034.797	5364.869000000001	5529.728999999999
Efra.gene25400_i1_length585.p1							2563.5	9497.84				11893.193	7907.656			-2.0	6367.65		5147.214	1697.779
Efra.gene25630_i0_length579.p1														3382.635						
Efra.gene25717_i1_length576.p1							12606.111		7074.579000000001		3531.893		5783.1726	4317.384		-3.0				
Efra.gene25799_i1_length576.p1				17340.713	19060.853	4328.936	2403.814	2537.183	7187.002	4222.443	3640.214	5420.737	4520.456	21322.018	10175.994999999999		2206.734	4129.089	2827.797	1575.465
Efra.gene25800_i0_length528.p1						10035.546	37198.583		5232.18	28561.828999999998	22797.234	9313.854000000001	35012.592	6368.885	40832.311		47249.153999999995	32995.115	29177.938000000002	5954.213
Efra.gene25963_i0_length570.p1												15955.9205		8892.7563	16718.76					10756.072
Efra.gene25967_i0_length570.p1				7375.0380000000005	22101.112	5966.295899999999			9749.189		5742.9169999999995	13096.070000000002	8455.962	14765.329	34230.953	-2.0	3721.499		2869.216	
Efra.gene26093_i0_length567.p1									8094.324					2547.648	14828.303000000002	-1.0			11274.069	
Efra.gene26194_i2_length522.p1												5883.816000000001								
Efra.gene26218_i1_length564.p1															697.1464					
Efra.gene26421_i0_length561.p1				5962.951	19518.319	3317.3578	67431.9707	20001.612	81562.342	11585.632	55035.12600000001	41218.959	41096.7841	66026.091	155669.15200000003	-11.0	14639.752	17147.406	68421.18199999999	31879.961000000007
Efra.gene26700_i0_length552.p1														24350.54	3278.36		4575.8775			
Efra.gene26710_i0_length552.p1	19234.882	6334.4238	4709.9038	12555.874000000002	26472.0377	9615.69	17721.113	15762.537	33534.701	23843.864	21662.8034	31096.544	30650.424999999996	47976.878000000004	31887.433	-7.0	27340.935699999998	26682.713000000003	33870.286	19828.45
Efra.gene26810_i2_length552.p1				54097.723	38416.229999999996		90870.59000000001	62859.663	96873.86	20386.123	31831.033	72239.133	36924.705	41623.045	49833.681	-4.0	36825.179	57331.488	32680.746	57809.816
Efra.gene26841_i0_length549.p1					11495.396															
Efra.gene27122_i0_length543.p1	6626.002				26000.492	3041.745	19232.898	27866.9995	45442.041	7606.005999999999	46649.7286	35915.447	34802.684	34313.083	30693.918	-10.0	24852.778	18527.471999999998	48189.246999999996	34054.987
Efra.gene27221_i0_length540.p1									8658.859						2560.714		988.6518			
Efra.gene27331_i1_length540.p1				15338.888	9743.712	1848.6356	15912.485	7966.331	44813.509	11886.19	12664.64	16130.048	15807.747	7430.524	34653.475	-4.0	6996.551	10129.232	9303.929	27305.921000000002
Efra.gene27516_i0_length534.p1				9173.514	4071.085		1429.586		9205.33	18648.921000000002	4446.023999999999	9462.9917	9859.711	7011.782999999999	24434.032	-3.0	3855.194	1289.46	3936.993	3544.353
Efra.gene2834_i0_length2466.p1															64380.104999999996		10482.376			20042.150999999998
Efra.gene28361_i0_length519.p1							8270.391													
Efra.gene28510_i1_length516.p1																	1262.481			
Efra.gene28977_i0_length507.p1				8757.438	14007.736	3971.267	17616.097	7952.381	31328.621	11698.016	18543.908	23790.932999999997	19915.308	36086.472	32193.796000000002	-4.0	15347.833999999999	13448.81	29246.396	27271.412000000004
Efra.gene29879_i0_length489.p1							4536.331		11822.168		4396.3279999999995	7812.103999999999		16627.626500000002	4336.659					
Efra.gene29886_i0_length489.p1	119736.105	101271.5764	67440.8772	8309.288	22817.0335	14201.377	21985.213099999997	60605.144	62060.278300000005	135655.70010000002	38803.931300000004	49289.013999999996	53698.60199999999	66063.072	72427.387	-11.0	93021.402	12734.266	31120.048199999997	140011.179
Efra.gene30061_i0_length486.p1									2956.925						20027.89					
Efra.gene30096_i0_length486.p1				15536.131000000001	22462.7498	4742.210999999999		6614.694	12525.489000000001		6858.721	5753.473	21284.203	165658.382	17081.172000000002	-4.0	43721.16299999999		63677.006	27495.384
Efra.gene30439_i0_length480.p1												12257.458		25064.095999999998					27091.634	6515.237999999999
Efra.gene31160_i0_length470.p1			1762.67							2058.011										
Efra.gene31366_i0_length466.p1							8920.118	8064.031999999999						14482.444	16866.241					16357.682999999999
Efra.gene31799_i1_length459.p1														3761.7110000000002						
Efra.gene32379_i0_length452.p1	14421.856	6323.593	4455.381									3157.463		6555.198						
Efra.gene329_i3_length5301.p1							42824.5814	199445.33599999998	189290.499	99969.23900000002	83642.443	131421.38129999998	126690.2121	60531.430499999995	211680.75400000004	-20.0	67035.5269	43876.317	84981.14189999999	137050.68800000002
Efra.gene330_i0_length5295.p1		14603.098000000002	41952.359500000006	71267.36799999999	55555.481	27266.822500000002	66048.58339999999	224830.05399999997	211701.143	117013.5344	48640.89200000001		212977.2451	63598.382999999994	284874.844	-20.0	81376.8639	58067.615000000005	95559.049	139722.56200000003
Efra.gene33821_i0_length432.p1					7655.527	1454.273		2229.065	5575.177099999999	6385.492	1137.901	1559.498	7362.3695	22307.4545	4897.4294	-2.0	3087.24	3940.1975	1381.703	8475.9951
Efra.gene34277_i0_length426.p1				5223.237	39033.4441	4467.7472	16878.034	12677.372	33427.201	17735.7492	19356.117	42432.645000000004	41588.0758	44089.8731	37821.37	-9.0	14600.953800000003	15967.524	38520.9533	27701.9604
Efra.gene34351_i1_length426.p1							1618.64		3196.34				2740.1982000000003	1394.523	11630.56				1924.118	8846.324999999999
Efra.gene34755_i0_length421.p1									2324.215		86150.187			7507.897999999999	11796.399000000001		2330.12			138741.881
Efra.gene34789_i0_length420.p1					22922.239								20646.965		43770.141				26378.409	
Efra.gene349_i0_length5181.p1					92825.79599999999			48920.642		50333.8641	33546.0124		77755.18999999999		100540.44499999999	-15.0	15161.346800000001			57630.861999999994
Efra.gene35075_i0_length418.p1																			10875.367	
Efra.gene35579_i0_length414.p1		41873.493	15183.0375																	
Efra.gene38386_i0_length387.p1					1647.614		25079.117		1179.524			3228.564	2196.246				3342.96	1734.799	2876.049	
Efra.gene38556_i0_length385.p1	8390.81		15975.476			361.0962									8861.259	-2.0			6111.91	
Efra.gene39766_i1_length327.p1								5220.51												
Efra.gene399_i0_length4974.p1		151077.93199999997		8241.706	47303.155	4149.3232		6613.557999999999	114714.381	37541.578	1851.604		6585.989	17541.206	39333.995	-3.0	74076.697		10327.707	14577.505000000001
Efra.gene41063_i2_length306.p1															11705.445000000002					
Efra.gene41065_i0_length366.p1									1599.198											
Efra.gene41171_i0_length356.p1	14989.81	15127.725	1451.812	22342.403	73266.772	12933.348	20936.229	101060.64899999999	209144.765	22174.198999999997	34011.495	82019.04699999999	60013.410999999986	59510.699	172314.758	-6.0	66140.41		106969.46820000002	20388.498
Efra.gene42768_i0_length273.p1	25542.199999999997		5310.095						6906.098						5213.279					
Efra.gene42777_i0_length357.p1	10682.64	6049.651	5386.383	4324.904		1300.82	3884.3346	4905.807	2736.251	2770.802	9206.219000000001	2825.274		2312.188	10519.474999999999		2295.689	3071.253	1447.304	3477.679
Efra.gene42958_i0_length354.p1	113763.07	66501.447		19953.415	21153.7206													11169.894		19108.042999999998
Efra.gene42994_i0_length354.p1				4627.579									2047.856	33365.747		-1.0	12409.1021			1615.068
Efra.gene43037_i0_length354.p1				40419.972	31543.195	12065.9129	11931.9809		28389.766999999996	14572.688999999998	11208.94	29155.133	19105.089	73804.27399999999	27592.264	-3.0	38950.434	20588.486	17725.513	27525.655
Efra.gene43796_i1_length351.p1													9371.355							
Efra.gene47379_i0_length333.p1		68448.85800000001	82389.8304					26820.213		25826.3633	24895.802300000003	21521.9224	27431.672300000002	20563.674		-4.0	20101.402000000002		38741.873999999996	
Efra.gene48207_i0_length327.p1					1435.049										3829.849		1394.578		1656.627	
Efra.gene482_i1_length4723.p1		1210.803					6668.451999999999										4373.876		205718.983	
Efra.gene49354_i0_length324.p1	117350.4536	13442.238	5024.7083									21144.728								
Efra.gene49456_i0_length210.p1															154457.675		44844.9736			
Efra.gene49456_i1_length324.p1							7602.717000000001		27344.921000000002	12388.107		20793.861999999997			61844.673		16283.2526	9856.368		12226.831000000002
Efra.gene50115_i0_length321.p1	131412.55099999998	42266.748400000004	27854.184299999997	26009.778	15307.332	12384.6125	25661.349799999996	43946.366	124045.226	47783.757	26012.915	59955.441	25679.173	10714.345	110084.58300000001	-6.0	21373.610099999998	33036.441000000006	20544.617000000002	
Efra.gene56456_i0_length297.p1					8897.52															
Efra.gene56589_i0_length261.p1	39705.867	55833.154			16318.812			27564.485999999997								-3.0				
Efra.gene59164_i0_length291.p1									69776.049											
Efra.gene59574_i0_length288.p1	629706.5939999999	266634.1524000001																		
Efra.gene59690_i0_length288.p1					20094.7745	8310.3946	7379.1522	13733.406	13807.3955	11990.304	16457.545299999998	18118.648	4664.9859	9357.265	32256.556	-3.0	4421.3099999999995		8088.262000000001	35672.25399999999
Efra.gene6232_i1_length1047.p1																			6897.546	
Efra.gene62669_i0_length282.p1	425303.163	168979.33419999995	176652.46229999998	50802.1909	53215.899999999994		14661.201000000001					65956.28100000002								
Efra.gene6459_i2_length357.p1					16108.159300000001										2086.167					
Efra.gene6519_i1_length1659.p1														11457.256000000001						37566.08210000001
Efra.gene6586_i0_length1651.p1				35567.392	6332.616		11402.558		26047.824		6828.063	7817.852	12250.378	11255.13	22703.882	-6.0	5696.2333	12058.469000000001	4471.755999999999	
Efra.gene67076_i0_length270.p1											9890.717999999999			6349.4310000000005	2586.47			1606.022	8327.735999999999	
Efra.gene68755_i0_length267.p1			5310.907																	
Efra.gene70882_i0_length264.p1					9125.4778								5932.54	5051.3407		-2.0			4766.09	
Efra.gene7558_i0_length1539.p1							16075.380600000002	26545.938000000002	63321.992999999995		42982.781	84619.383	49701.812399999995	55470.79	32346.919000000005		20856.3355	60439.988	38441.5493	44462.07400000001
Efra.gene7598_i0_length1533.p1				37007.02099999999	29665.025999999998	11273.369999999999						29754.149999999998	30684.321400000004	79039.32999999999	55075.764		82646.644	40359.898		72120.1
Efra.gene7751_i0_length1518.p1							19804.612		23730.767	6313.9945		11304.011000000002			6237.174		1505.829	2651.2960000000003		9588.33
Efra.gene813_i1_length4026.p1							93954.1723		77844.41799999999	69130.051	28195.041800000003	86737.522	74847.0587	147923.9805	337045.07100000005		108481.0331	55689.413	41542.20510000001	71338.902
Efra.gene82151_i0_length228.p1							17024.396099999998													
Efra.gene8230_i0_length1470.p1							11832.204000000002		82260.5301		88821.85599999999	24964.47	91665.112	18112.183	144705.21300000002	-5.0	26848.908		19816.32	91259.471
Efra.gene82314_i0_length246.p1							978.8064		5451.798			6586.042	6215.695		11580.060000000001					
Efra.gene8953_i1_length1399.p1									17297.878				3906.014							
Efra.gene91141_i0_length234.p1			29232.819																	
Efra.gene9182_i0_length1380.p1		317855.0468	33636.4439			5789.081		190740.02800000002	13451.687		25775.488		41162.96400000001			-10.0	19070.246			
Efra.gene94338_i1_length231.p1															13139.483					
Efra.gene9478_i0_length1353.p1					13660.301		11021.8406		53774.99		23439.7979	40434.420999999995	20965.642000000003	52868.18450000001	44642.980299999996	-6.0	7785.806	12387.783	29180.428999999996	15215.966
Efra.gene99937_i0_length225.p1	31259.131999999998		3309.381	27252.753	27487.725	13654.355	27117.149	48156.34	73815.35	53402.329	32626.044	34483.74	29628.971	35154.570999999996	100542.253	-5.0	19863.631999999998	26802.616		