Accession	0.1	0.2	0.3	1.1	1.2	1.3	3.1	3.2	5.1	5.2	5.3	7.1	7.2	7.3	10.1	10.2	10.3	12.1	12.2	12.3
Efra.gene10048_i0_length1308.p1			46.0																	
Efra.gene10049_i0_length1308.p1		96.0	77.0					63.0			68.0	44.0	87.0		34.0	83.0	49.0		38.0	39.0
Efra.gene10189_i0_length1293.p1						10.0	28.0		39.0		56.0	56.0	29.0	107.0	56.0		24.0		42.0	65.0
Efra.gene10803_i4_length1062.p1																39.0		85.0	41.0	
Efra.gene10913_i0_length1239.p1																			31.0	
Efra.gene10979_i0_length1233.p1									351.0			472.0	308.0	509.0	279.0				521.0	
Efra.gene10979_i3_length1134.p1																	218.0	360.0		
Efra.gene110165_i0_length213.p1		22.0		24.0	38.0															
Efra.gene11166_i2_length1221.p1									22.0								15.0			
Efra.gene113616_i0_length210.p1				28.0																
Efra.gene1160_i1_length3549.p1									58.0											
Efra.gene11716_i0_length1179.p1				24.0			28.0				20.0	44.0		28.0	26.0					
Efra.gene11803_i0_length1173.p1												29.0								
Efra.gene11804_i0_length1173.p1														23.0	14.0					
Efra.gene12082_i0_length1156.p1							21.0					48.0	42.0		21.0	30.0	15.0	38.0		34.0
Efra.gene12182_i0_length1149.p1					228.0	118.0	255.0	190.0		150.0	340.0					355.0	245.0			359.0
Efra.gene12280_i0_length1146.p1												504.0								
Efra.gene12442_i0_length1134.p1					239.0	158.0	374.0	263.0	374.0		360.0	496.0	323.0	513.0	335.0	364.0		575.0	569.0	446.0
Efra.gene12565_i0_length1128.p1																			24.0	
Efra.gene12660_i0_length1122.p1								7.0			8.0					11.0			32.0	
Efra.gene12747_i0_length1116.p1	13.0	11.0	82.0					11.0								17.0	18.0			
Efra.gene12899_i0_length1107.p1									32.0		19.0									
Efra.gene13129_i0_length1095.p1															37.0					
Efra.gene13656_i0_length1062.p1					14.0		67.0				67.0	58.0	49.0	62.0	97.0	46.0	43.0	66.0	62.0	
Efra.gene13900_i0_length1047.p1				19.0		28.0	105.0		82.0	31.0		109.0		95.0	138.0	39.0	31.0	66.0		49.0
Efra.gene13951_i0_length1044.p1															57.0					
Efra.gene14059_i2_length1041.p1		82.0	49.0	143.0	200.0	139.0	292.0	206.0	314.0	165.0	311.0	462.0	281.0	475.0	290.0	361.0	268.0	413.0	507.0	344.0
Efra.gene14246_i0_length1029.p1		47.0	18.0																	
Efra.gene14418_i2_length1020.p1									70.0	24.0	54.0	50.0	36.0	55.0	152.0		38.0		25.0	44.0
Efra.gene14678_i0_length1005.p1	57.0																			
Efra.gene15484_i0_length963.p1			35.0																	
Efra.gene15574_i0_length957.p1	50.0														14.0					
Efra.gene16498_i0_length912.p1	394.0	245.0	203.0	257.0	211.0	136.0	290.0	142.0	247.0	107.0	189.0	208.0	153.0	197.0	193.0	128.0	143.0	107.0	149.0	113.0
Efra.gene16536_i2_length909.p1		30.0	55.0	18.0	6.0	9.0	11.0	14.0	25.0	20.0	18.0	15.0	12.0	11.0	22.0		32.0		15.0	20.0
Efra.gene16539_i1_length909.p1				28.0			25.0						32.0	38.0	30.0	22.0	23.0	19.0	23.0	
Efra.gene17074_i1_length884.p1															11.0					
Efra.gene17127_i0_length880.p1					190.0	179.0	250.0	153.0	548.0	247.0	431.0	599.0	357.0	557.0	599.0	368.0	315.0	238.0	332.0	273.0
Efra.gene17127_i6_length777.p1									507.0											
Efra.gene17231_i0_length876.p1															24.0					
Efra.gene17278_i0_length873.p1									13.0				12.0	59.0			11.0			28.0
Efra.gene1749_i1_length3021.p1				161.0	132.0		351.0	95.0	486.0	284.0	344.0	551.0	292.0	451.0	839.0	173.0	346.0	290.0	320.0	331.0
Efra.gene1749_i7_length714.p1											131.0								81.0	
Efra.gene1757_i1_length3015.p1											42.0	70.0		106.0		92.0				30.0
Efra.gene17580_i1_length858.p1				58.0							44.0			44.0	65.0				26.0	
Efra.gene17870_i0_length846.p1															19.0					
Efra.gene18044_i0_length837.p1											36.0			56.0						
Efra.gene18178_i0_length831.p1					43.0	18.0	31.0		71.0	30.0	52.0	55.0		74.0	63.0	52.0	32.0		24.0	
Efra.gene18440_i0_length819.p1									16.0									11.0		
Efra.gene18480_i1_length818.p1	52.0																			
Efra.gene1853_i0_length2945.p1					78.0	36.0	75.0	59.0	200.0	68.0	212.0	275.0	157.0	271.0	182.0	201.0	92.0	52.0	185.0	142.0
Efra.gene18564_i2_length720.p1		16.0	21.0	96.0	57.0	98.0	79.0	63.0	98.0	72.0	120.0	114.0	94.0	156.0	136.0	80.0	100.0	75.0	88.0	64.0
Efra.gene18573_i0_length813.p1															38.0					
Efra.gene18607_i0_length813.p1		40.0																		
Efra.gene19055_i1_length792.p1			12.0									13.0								
Efra.gene19206_i0_length786.p1									14.0											15.0
Efra.gene19250_i1_length786.p1							16.0					13.0								
Efra.gene19494_i1_length774.p1	19.0					18.0														
Efra.gene19598_i0_length771.p1									31.0		15.0		12.0		36.0			14.0		
Efra.gene19992_i0_length618.p1							68.0		55.0			59.0						35.0		
Efra.gene20233_i0_length744.p1	34.0		29.0	115.0	95.0	41.0	73.0	20.0	86.0	31.0	108.0	137.0	94.0	100.0	153.0	96.0	66.0	32.0	122.0	74.0
Efra.gene20528_i0_length735.p1														21.0						
Efra.gene21131_i1_length711.p1	48.0	36.0	45.0	87.0	218.0	106.0	194.0	111.0	306.0	133.0	248.0	336.0	237.0	321.0	206.0	230.0	192.0	98.0	271.0	109.0
Efra.gene21137_i1_length711.p1				25.0		27.0					12.0	34.0	33.0	56.0	44.0	29.0	29.0		37.0	
Efra.gene21360_i0_length705.p1									19.0											
Efra.gene21462_i0_length701.p1					12.0				61.0				20.0	68.0	21.0	43.0				
Efra.gene22028_i0_length681.p1											28.0	30.0	26.0						30.0	
Efra.gene22143_i0_length678.p1												55.0								
Efra.gene22225_i1_length309.p1					13.0		24.0									23.0				
Efra.gene22328_i1_length673.p1				14.0	21.0	32.0	63.0	36.0	146.0	31.0	83.0	38.0	67.0	76.0	100.0	76.0	56.0	35.0	58.0	55.0
Efra.gene22719_i0_length660.p1														21.0	36.0					
Efra.gene23221_i0_length645.p1							42.0					44.0	26.0	57.0	36.0				37.0	
Efra.gene23450_i0_length639.p1			22.0																	
Efra.gene24170_i0_length618.p1							29.0		39.0			27.0		34.0	32.0			20.0		
Efra.gene24458_i0_length609.p1	161.0	152.0	126.0	325.0	356.0	224.0	521.0	263.0	597.0	367.0	480.0	681.0	536.0	834.0	705.0	601.0	410.0	394.0	611.0	420.0
Efra.gene25400_i0_length486.p1	16.0	19.0		28.0	20.0	37.0	40.0	27.0	67.0	36.0	80.0	58.0	41.0	66.0	56.0	42.0	39.0	22.0	29.0	46.0
Efra.gene25400_i1_length585.p1							18.0	26.0				44.0	35.0			22.0	20.0		18.0	11.0
Efra.gene25630_i0_length579.p1														13.0						
Efra.gene25717_i1_length576.p1							30.0		23.0		14.0		19.0	23.0		17.0				
Efra.gene25799_i1_length576.p1				37.0	34.0	19.0	18.0	15.0	21.0	21.0	21.0	25.0	21.0	47.0	37.0		18.0	24.0	15.0	16.0
Efra.gene25800_i0_length528.p1						21.0	24.0		17.0	16.0	17.0	22.0	15.0	16.0	26.0		31.0	24.0	22.0	19.0
Efra.gene25963_i0_length570.p1												58.0		58.0	48.0					53.0
Efra.gene25967_i0_length570.p1				23.0	65.0	46.0			46.0		37.0	47.0	40.0	64.0	89.0	26.0	25.0		10.0	
Efra.gene26093_i0_length567.p1									32.0					12.0	44.0	12.0			38.0	
Efra.gene26194_i2_length522.p1												16.0								
Efra.gene26218_i1_length564.p1															7.0					
Efra.gene26421_i0_length561.p1				24.0	51.0	16.0	58.0	52.0	152.0	39.0	115.0	102.0	128.0	135.0	116.0	118.0	68.0	77.0	167.0	101.0
Efra.gene26700_i0_length552.p1														22.0	17.0		14.0			
Efra.gene26710_i0_length552.p1	68.0	29.0	60.0	84.0	87.0	67.0	89.0	45.0	115.0	72.0	95.0	119.0	144.0	115.0	99.0	96.0	138.0	139.0	118.0	91.0
Efra.gene26810_i2_length552.p1				29.0	31.0		52.0	24.0	58.0	25.0	54.0	51.0	41.0	54.0	30.0	35.0	41.0	47.0	51.0	41.0
Efra.gene26841_i0_length549.p1					12.0															
Efra.gene27122_i0_length543.p1	23.0				72.0	22.0	72.0	65.0	109.0	32.0	121.0	63.0	99.0	122.0	69.0	118.0	80.0	91.0	122.0	88.0
Efra.gene27221_i0_length540.p1									19.0						13.0		8.0			
Efra.gene27331_i1_length540.p1				46.0	20.0	26.0	57.0	33.0	94.0	47.0	45.0	56.0	57.0	35.0	88.0	45.0	45.0	43.0	42.0	50.0
Efra.gene27516_i0_length534.p1				27.0	10.0		16.0		29.0	15.0	24.0	35.0	34.0	20.0	46.0	29.0	20.0	14.0	27.0	22.0
Efra.gene2834_i0_length2466.p1															43.0		31.0			36.0
Efra.gene28361_i0_length519.p1							34.0													
Efra.gene28510_i1_length516.p1																	11.0			
Efra.gene28977_i0_length507.p1				22.0	30.0	16.0	50.0	18.0	50.0	24.0	47.0	51.0	39.0	48.0	40.0	36.0	37.0	39.0	48.0	46.0
Efra.gene29879_i0_length489.p1							11.0		14.0		14.0	20.0		41.0	13.0					
Efra.gene29886_i0_length489.p1	244.0	275.0	261.0	36.0	59.0	90.0	89.0	102.0	128.0	259.0	126.0	127.0	132.0	246.0	158.0	134.0	323.0	50.0	121.0	292.0
Efra.gene30061_i0_length486.p1									18.0						17.0					
Efra.gene30096_i0_length486.p1				44.0	39.0	20.0		13.0	39.0		24.0	23.0	60.0	138.0	42.0	39.0	92.0		53.0	45.0
Efra.gene30439_i0_length480.p1												26.0		31.0					22.0	18.0
Efra.gene31160_i0_length470.p1			21.0							8.0										
Efra.gene31366_i0_length466.p1							16.0	10.0						44.0	46.0					45.0
Efra.gene31799_i1_length459.p1														14.0						
Efra.gene32379_i0_length452.p1	18.0	27.0	22.0									15.0		22.0						
Efra.gene329_i3_length5301.p1							136.0	143.0	231.0	178.0	191.0	151.0	170.0	127.0	278.0	152.0	227.0	75.0	118.0	294.0
Efra.gene330_i0_length5295.p1		35.0	21.0	111.0	68.0	38.0	156.0	166.0	242.0	207.0	175.0		186.0	146.0	314.0	152.0	253.0	117.0	137.0	277.0
Efra.gene33821_i0_length432.p1					15.0	12.0		9.0	53.0	23.0	11.0	17.0	35.0	86.0	25.0	22.0	11.0	36.0	19.0	51.0
Efra.gene34277_i0_length426.p1				38.0	38.0	48.0	67.0	33.0	89.0	47.0	55.0	77.0	77.0	108.0	77.0	92.0	52.0	68.0	90.0	64.0
Efra.gene34351_i1_length426.p1							14.0		30.0				11.0	13.0	77.0				7.0	48.0
Efra.gene34755_i0_length421.p1									15.0		13.0			35.0	17.0		13.0			16.0
Efra.gene34789_i0_length420.p1					31.0								31.0		38.0				35.0	
Efra.gene349_i0_length5181.p1					54.0			59.0		61.0	91.0		104.0		146.0	113.0	38.0			83.0
Efra.gene35075_i0_length418.p1																			25.0	
Efra.gene35579_i0_length414.p1		89.0	42.0																	
Efra.gene38386_i0_length387.p1					8.0		20.0		11.0			12.0	11.0				16.0	13.0	11.0	
Efra.gene38556_i0_length385.p1	32.0		28.0			9.0									32.0	25.0			19.0	
Efra.gene39766_i1_length327.p1								9.0												
Efra.gene399_i0_length4974.p1		22.0		43.0	27.0	31.0		16.0	48.0	32.0	11.0		34.0	71.0	74.0	32.0	63.0		39.0	58.0
Efra.gene41063_i2_length306.p1															23.0					
Efra.gene41065_i0_length366.p1									11.0											
Efra.gene41171_i0_length356.p1	14.0	19.0	14.0	28.0	43.0	29.0	20.0	41.0	84.0	29.0	35.0	76.0	73.0	48.0	90.0	64.0	20.0		40.0	27.0
Efra.gene42768_i0_length273.p1	44.0		12.0						11.0						17.0					
Efra.gene42777_i0_length357.p1	17.0	24.0	28.0	17.0		10.0	44.0	15.0	18.0	8.0	12.0	17.0		12.0	23.0		22.0	13.0	11.0	14.0
Efra.gene42958_i0_length354.p1	87.0	112.0		43.0	44.0													55.0		38.0
Efra.gene42994_i0_length354.p1				15.0									9.0	72.0		10.0	45.0			8.0
Efra.gene43037_i0_length354.p1				57.0	55.0	34.0	59.0		45.0	33.0	42.0	66.0	48.0	97.0	45.0	39.0	57.0	41.0	39.0	43.0
Efra.gene43796_i1_length351.p1													28.0							
Efra.gene47379_i0_length333.p1		125.0	121.0					42.0		42.0	69.0	59.0	76.0	56.0		42.0	46.0		75.0	
Efra.gene48207_i0_length327.p1					6.0										12.0		11.0		11.0	
Efra.gene482_i1_length4723.p1		12.0					22.0										24.0		35.0	
Efra.gene49354_i0_length324.p1	92.0	25.0	22.0									31.0								
Efra.gene49456_i0_length210.p1															275.0		139.0			
Efra.gene49456_i1_length324.p1							32.0		65.0	30.0		47.0			105.0		39.0	31.0		37.0
Efra.gene50115_i0_length321.p1	146.0	122.0	113.0	78.0	32.0	62.0	87.0	70.0	109.0	68.0	76.0	116.0	78.0	39.0	131.0	80.0	92.0	51.0	74.0	
Efra.gene56456_i0_length297.p1					14.0															
Efra.gene56589_i0_length261.p1	40.0	49.0			22.0			25.0								27.0				
Efra.gene59164_i0_length291.p1									192.0											
Efra.gene59574_i0_length288.p1	86.0	125.0																		
Efra.gene59690_i0_length288.p1					40.0	29.0	37.0	30.0	74.0	27.0	45.0	38.0	45.0	51.0	60.0	32.0	31.0		39.0	38.0
Efra.gene6232_i1_length1047.p1																			14.0	
Efra.gene62669_i0_length282.p1	275.0	158.0	178.0	64.0	35.0		41.0					66.0								
Efra.gene6459_i2_length357.p1					18.0										17.0					
Efra.gene6519_i1_length1659.p1														32.0						39.0
Efra.gene6586_i0_length1651.p1				31.0	13.0		22.0		37.0		18.0	17.0	23.0	27.0	22.0	52.0	40.0	14.0	16.0	
Efra.gene67076_i0_length270.p1											19.0			21.0	14.0			10.0	18.0	
Efra.gene68755_i0_length267.p1			23.0																	
Efra.gene70882_i0_length264.p1					31.0								19.0	24.0		25.0			26.0	
Efra.gene7558_i0_length1539.p1							55.0	27.0	75.0		61.0	60.0	57.0	76.0	54.0		63.0	58.0	97.0	88.0
Efra.gene7598_i0_length1533.p1				81.0	35.0	58.0						64.0	55.0	101.0	69.0		98.0	82.0		87.0
Efra.gene7751_i0_length1518.p1							67.0		83.0	24.0		49.0			30.0		9.0	18.0		26.0
Efra.gene813_i1_length4026.p1							133.0		211.0	115.0	66.0	230.0	107.0	223.0	365.0		187.0	115.0	84.0	171.0
Efra.gene82151_i0_length228.p1							19.0													
Efra.gene8230_i0_length1470.p1							31.0		41.0		59.0	28.0	48.0	45.0	56.0	29.0	38.0		45.0	57.0
Efra.gene82314_i0_length246.p1							11.0		26.0			20.0	19.0		23.0					
Efra.gene8953_i1_length1399.p1									34.0				22.0							
Efra.gene91141_i0_length234.p1			33.0																	
Efra.gene9182_i0_length1380.p1		127.0	89.0			32.0		79.0	39.0		76.0		102.0			75.0	55.0			
Efra.gene94338_i1_length231.p1															39.0					
Efra.gene9478_i0_length1353.p1					28.0		60.0		111.0		97.0	99.0	62.0	158.0	119.0	64.0	41.0	55.0	95.0	73.0
Efra.gene99937_i0_length225.p1	70.0		25.0	58.0	55.0	46.0	56.0	45.0	55.0	70.0	45.0	66.0	44.0	49.0	67.0	45.0	44.0	56.0		