Accession	0.1	0.2	0.3	1.1	1.2	1.3	3.1	3.2	5.1	5.2	5.3	7.1	7.2	7.3	10.1	10.2	10.3	12.1	12.2	12.3
Efra.gene16498_i0_length912.p1	0.1103541498854927	0.09103235361607648	0.1676466675658087	0.07276438948371543	0.04437946805935365	0.04320261681212445	0.04455084568339207	0.06567921348066294	0.028262687447522243	0.04858856803910716	0.032764249040424964	0.026108797574621635	0.047910573642992935	0.023998628409100383	0.02259918486708866	0.018860966410053463	0.032809384833936195	0.025944937620704885	0.025399051826342167	0.04387725844325479
Efra.gene24458_i0_length609.p1	0.03030152229134678	0.030358921659100566	0.029029940328677457	0.08419862970148702	0.09579337053941323	0.10440830327044595	0.09784797451742239	0.0871221008201501	0.08812075267744662	0.1046157757511216	0.1125412822272222	0.10695337958488753	0.10358469716352753	0.11723767384147564	0.07628549424344028	0.11066815894081025	0.0758327968456668	0.09174845408954825	0.11150699558583739	0.07866324192465146
Efra.gene50115_i0_length321.p1	0.06877574155146356	0.05380236546434788	0.05780376641864514	0.04105323449950588	0.01606995175654796	0.045135152318989416	0.03024861525930212	0.0462922616065322	0.041915426960491546	0.046623367270771404	0.02573605258820158	0.03169218874821393	0.025030655072039644	0.007905346634294288	0.03362124103233999	0.02809301023112443	0.026609782493447323	0.029254462835080174	0.02017150572310137	
Efra.gene29886_i0_length489.p1	0.09866561079360787	0.12845733974164986	0.14079640826650885	0.017463730103980456	0.02830220784118996	0.06205587979863064	0.03014074711646049	0.06849876518875075	0.03220289445667588	0.15902458127204477	0.04252748827613815	0.03191466284355702	0.04805491582807818	0.05140794506403293	0.03212678696132969	0.05091266672338268	0.10547060119326633	0.019789822575728616	0.03347066278441137	0.11260049062390814
Efra.gene14678_i0_length1005.p1	0.009339229462148628																			
Efra.gene42958_i0_length354.p1	0.04356088220065524	0.05451383318763842		0.02345405695880418	0.020061363263372413													0.017717208284905486		0.01304728121130988
Efra.gene21131_i1_length711.p1	0.0077609718586423146	0.014556061719125865	0.008449461994847599	0.018572337146029145	0.05569746284378224	0.03430894432736811	0.030876310956163423	0.028645460811693384	0.03074648687548072	0.03202574083823667	0.03592358734531225	0.037447394455205035	0.03463894925371136	0.03613738848922811	0.01868654234949066	0.03696325224788171	0.02584664261316498	0.025979482054902456	0.038209750264246944	0.01835724332887046
Efra.gene26710_i0_length552.p1	0.01368706257588688	0.006571076364067651	0.014070042374410572	0.020417309569628225	0.021420752462125367	0.024897656208666664	0.015676197170569582	0.013989578758867895	0.01331889747555059	0.02038411964873996	0.016096262446471814	0.014537023719263353	0.023087589027980738	0.01597807427396745	0.00997189387306506	0.019290904506639617	0.021893547415461942	0.028188111906263053	0.01883291190940352	0.01488643452645408
Efra.gene49354_i0_length324.p1	0.04978422172324501	0.01276508906904049	0.010898111354671555						0.008084332324871532			0.009627595460590253			0.020763949725261962		0.013834227436433009	0.006929992537871106		
Efra.gene15574_i0_length957.p1	0.006507217093454263														0.002272163449420956					
Efra.gene18480_i1_length818.p1	0.008153123631284056																			
Efra.gene1287_i0_length3423.p1	0.022450339477352074																			
Efra.gene42768_i0_length273.p1	0.025315165047289888		0.010786893599985591				0.008826036978429298		0.004248504843167173						0.004118915956005975	0.0054026884549016226	0.00653384365910544			
Efra.gene56589_i0_length261.p1	0.024138332643737794	0.04527142703443601			0.016781602325709667			0.026946621651068432								0.014134940725033313				
Efra.gene27122_i0_length543.p1	0.0050280319998801315				0.020333221798619044	0.008741102099346974	0.015129575221776218	0.023317108978851277	0.015537927378254712	0.00881597273574708	0.02702530810287075	0.011308645355075125	0.02045192425927446	0.015641158098308624	0.008374119214533605	0.02745985541756907	0.016276676004666656	0.020308520007673764	0.023674737043884807	0.018750951516098652
Efra.gene20233_i0_length744.p1	0.006728664741463431		0.010874147827963919	0.03198740338444696	0.020975758957520567	0.01242918641356762	0.009604800803253469	0.005735278581592078	0.010892646083127719	0.008530112269496617	0.018015616419060278	0.015669340189370502	0.015423458984248708	0.011871198922034447	0.018121708031558253	0.015976569724011378	0.009316661882383403	0.006819333701228286	0.01728544430478978	0.01045759703981871
Efra.gene42777_i0_length357.p1	0.006363056352442811	0.008715935619239931	0.012001870835327609	0.007337492861932351		0.005577532891067223	0.010026321134552233	0.00709138723255872	0.0027407850677850327	0.0035703425313491433	0.005499332627695672	0.002866468683149999	0.0018005432724246657	0.001954320770715611	0.0040391503727031965	0.005620580187601731	0.004581469118669765	0.004342111096052592	0.0022409787028668036	0.003681810996693873
Efra.gene41171_i0_length356.p1	0.006408158277833496	0.010603853062367663	0.005337974184853827	0.020184582514552702	0.04071377723902146	0.029070734194577445	0.012497182086418542	0.05520461821180685	0.05170096359332835	0.018876205680994143	0.018795402182789675	0.028252914435198576	0.033579451167161795	0.01976386353208883	0.034914293217614426	0.022576577159856535	0.03023543587546202	0.010997926107529667	0.03711255681756771	0.011361716027866134
Efra.gene25400_i0_length486.p1	0.0034381542116458234	0.004381978262641522		0.008246471049193045	0.005684807841301038	0.02107361567962411	0.007638788337834785	0.009343843596481544	0.010376398965359815	0.010827093255350508	0.02140155152502255	0.008622001663091124	0.008697039412295375	0.00990623261558511	0.006664058223586499	0.010072233466112445	0.00874497565220228	0.004622981119564	0.0049252830163543215	0.007997835281762294
Efra.gene12747_i0_length1116.p1	0.0012971760653430495	0.0011258790848647836	0.011913838887420838					0.002808272313824781								0.0021277043017129244	0.001072022689762842			
Efra.gene32379_i0_length452.p1	0.005857321959820262	0.007735701370896416	0.007671917288467526	0.0030442835563078688								0.002147121506511356		0.003311809756827354						
Efra.gene19494_i1_length774.p1	0.002689463392812302					0.0038962348731468545														
Efra.gene59574_i0_length288.p1	0.16858160346028636	0.15847457051698202																		
Efra.gene99937_i0_length225.p1	0.0381294067556154		0.015723148611441688	0.05030008974396518	0.04031178370590717	0.057801250663253485	0.03479676276113543	0.055430562177317816	0.03380223330501351	0.071946905677083	0.03178744330947128	0.025958919471551063	0.028447772867672853	0.02233408399957547	0.03475071159586525	0.027378488791731194	0.024425719764330167	0.039359635408789256		0.02455651574528911
Efra.gene62669_i0_length282.p1	0.18822009500980186	0.1300869501581647	0.19989171362116198	0.05786637583774428	0.03844964418346644		0.017579177491090784					0.029402297500978537								
Efra.gene16536_i2_length909.p1	0.002329316610037601	0.005587387243905047	0.01040156185324264	0.010560574553754774	0.001193350163885508	0.002203443697395546	0.0010503804311513395	0.00421995733680384	0.006109841194077568	0.0029390071244209705	0.002369734700401337	0.0011462375029465818	0.000990260100190237	0.0008052684506492341	0.006047300539710137	0.0022582621598572694	0.003874320508136294		0.0016797535733511014	0.0023957347840244535
Efra.gene38556_i0_length385.p1	0.009317375079334441		0.01703247320511865			0.003683318991298864							0.0016491490249368078		0.004523043636935101	0.00766062459466786		0.0019122220387882013	0.00461448656366073	
Efra.gene25963_i0_length570.p1	0.00325410300326442											0.006933011450464352		0.005534135332128262	0.004768819210004136					0.008200895405949623
Efra.gene9182_i0_length1380.p1	0.002805304569984745	0.03754410963868738	0.012229516637108683			0.005165759165593298	0.0026975984966469053	0.02670051278027779	0.0019055451291817324		0.005921268299432565		0.008222844474513494			0.008140831713899762	0.004325695317373754			
Efra.gene47379_i0_length333.p1		0.06254885230158361	0.09181339428784764					0.026961084558432283		0.025866962455549793	0.023013422319717522	0.013424861554636874	0.024382588139815052	0.012240477011839014		0.015881421547899795	0.016891203738916907		0.025115433318498113	
Efra.gene35579_i0_length414.p1		0.033691822844668	0.018996520345733																	
Efra.gene14246_i0_length1029.p1		0.006236212491374486	0.0027788468769896074																	
Efra.gene14059_i2_length1041.p1		0.013626820100959135	0.008502787636086445	0.051084244560872086	0.04169963648717258	0.0549992131603364	0.05701909869374999	0.05941842249998505	0.035292587954215485	0.04736893238788638	0.047522420974739916	0.05263043160492202	0.039560340410250236	0.040350810028499016	0.023960169211513532	0.041790418644511614	0.03669225237448831	0.08508644201161492	0.07839548691487194	0.05551555393154246
Efra.gene330_i0_length5295.p1		0.0009854354312542558	0.002048962957980266	0.004704265849375777	0.0026650040841269896	0.003479751994614455	0.0038069182733906663	0.00985098647840055	0.004757204526311098	0.007622766436458469	0.0032879443143355464		0.007042923295600457	0.0021465663784609196	0.005044191319257556	0.004260393116757073	0.005006504794713864	0.003510680065772146	0.003327965873642375	0.006317028882934076
Efra.gene18607_i0_length813.p1		0.008011911341243245																		
Efra.gene10049_i0_length1308.p1		0.010712176746433922	0.010524177891182946				0.002423611073577396	0.009912417673422257		0.005015768565160907	0.005602190466763388	0.0033115872815999625	0.007056875241731677		0.0017475352868792469	0.00947314578965026	0.00362598093541178		0.002346638320720926	0.0030014603419311787
Efra.gene399_i0_length4974.p1		0.004191712760885432		0.00122160007481582	0.0018418912775171575	0.0012427817112110472		0.0005783240458340699	0.0020191219462799112	0.0019138659249255219	0.00018887777081889623		0.0005862544064743231	0.0008878733976960056	0.00098151913803393	0.0007970608110148505	0.002871593169575175		0.0006700444995503528	0.0010899126504946206
Efra.gene18564_i2_length720.p1		0.0032140726084730056	0.00436167775795865	0.02843479935531474	0.0197377825508508	0.04297391290486685	0.01368754778780745	0.02160928927349626	0.012232187027872876	0.024204911637168945	0.020942085990701357	0.017330469507998145	0.01677810076115075	0.021464289790516778	0.015587079168514865	0.016074337314555362	0.016201692712870565	0.01526810544136481	0.015773784603802334	0.012718675062975835
Efra.gene482_i1_length4723.p1		0.00028167675400945927					0.0005252893015062134						0.0002553817451390899	0.0013418102313956313		0.0002597446372548857	0.00043504107617755596		0.004824445961940616	
Efra.gene110165_i0_length213.p1		0.014147958918133384		0.057967487568354535	0.03938917366532435							0.011330834575945763								
Efra.gene38041_i0_length390.p1		0.008245155462616777																		
Efra.gene34789_i0_length420.p1		0.008557955123855635		0.015231761194054684	0.01460592069520374	0.018902252317260088				0.01692161631371194	0.010621707877886893		0.010604339003899975	0.011720599308754864	0.00887878852011258		0.012750219457287614		0.011259725568206076	
Efra.gene91141_i0_length234.p1			0.04168396831524224																	
Efra.gene23450_i0_length639.p1			0.0055132525380746575																	
Efra.gene15484_i0_length963.p1			0.006524953394834747																	
Efra.gene10048_i0_length1308.p1			0.005010186054261285														0.0012863759507691114			
Efra.gene68755_i0_length267.p1			0.013897653967004174																	
Efra.gene31160_i0_length470.p1			0.005863704493349913							0.002459777030011256										
Efra.gene19055_i1_length792.p1			0.002134205987096043						0.0040396668967362815			0.0010053685769506966								
Efra.gene15064_i0_length984.p1			0.007239510704632225																	
Efra.gene22225_i1_length309.p1			0.01109093435089882		0.008473517278502386		0.010057385528640482									0.008975765977784173				
Efra.gene1749_i1_length3021.p1				0.012139889732383922	0.010409569951175023		0.016565849896548836	0.005888351979598786	0.012716158122919312	0.019709735251879506	0.01207245327808697	0.015464045903774225	0.01801773579921065	0.011271416545440532	0.022809192060112546	0.008759449265078191	0.01371343078854811	0.025039525747271946	0.011975520558844474	0.012905396299209743
Efra.gene34277_i0_length426.p1				0.011788520676749929	0.021291854485320998	0.02035256040308491	0.016526159260511333	0.013692345141812333	0.014603482710763822	0.01813468583162381	0.014162742209994125	0.016298042493440617	0.023203209284067862	0.01928562818845441	0.011629195684649058	0.02750418015855197	0.012156898940650022	0.018971752431125498	0.021633679319574765	0.017092749833482156
Efra.gene7598_i0_length1533.p1				0.010065752152575958	0.004842990782047415	0.008676050671841224	0.006006135800536978	0.005884790333477335	0.0021624419255757577	0.007107561564400396		0.0034657148091493516	0.004659237605337306	0.007036341915197664	0.0035841679597124953	0.007038170491336766	0.011474823432372976	0.008476001411117089	0.004887513810511675	0.008851202077902857
Efra.gene30096_i0_length486.p1				0.01557689991582057	0.014004978016132714	0.010342062411910904		0.005202970275755229	0.005299587818418012		0.00499045135701378	0.0031523846172470966	0.013058842854162355	0.04035884910899667	0.005182138766922742	0.010458891014718832	0.024120381516564912		0.019620179786647672	0.012314131630898176
Efra.gene16539_i1_length909.p1				0.004519339801448426			0.011851207516595366						0.003105831938573914	0.005478284251229319	0.014183413162366496	0.003677086227993784	0.0027374611468277783	0.005331979265396762	0.004647924303152589	
Efra.gene43037_i0_length354.p1				0.03843008394925175	0.027123991243436375	0.02976957266402325	0.016330234195151137		0.011168361742871696	0.01636241790733697	0.011727284552666991	0.015241319981403318	0.015089387549512483	0.028959050737510213	0.008984472339180843	0.012546192905554242	0.025385677691980607	0.01865483359313381	0.011591082267683189	0.01657643892435646
Efra.gene27331_i1_length540.p1				0.014337097526767553	0.005994013376816482	0.00816383577768703	0.011493356479377798	0.009532965127290616	0.013377554116231202	0.012449393340745234	0.008369434372515246	0.007209890519142051	0.010168009900767615	0.0038636889307942846	0.009658578777300357	0.010111906632224707	0.006788918366479252	0.009459354985017796	0.006342087195000606	0.011655405445019106
Efra.gene17127_i0_length880.p1				0.021261325895279303	0.03740528961913425	0.04722593119064331	0.02908173497065857	0.031464965885975305	0.04806001926857224	0.0493002698169335	0.051826867164006404	0.05066595089274317	0.04223645789973014	0.04512188902209065	0.04506982296232265	0.05386415922206574	0.04421617483990302	0.03515288483956078	0.033392293473824976	0.035717612101980524
Efra.gene25799_i1_length576.p1				0.012417620872628514	0.010163402213698696	0.008131492473430257	0.002739714388256593	0.0037908381390844023	0.0024589699845228973	0.004892955611907356	0.003151812902211429	0.002775582348273401	0.0032365609705022886	0.006504825681966874	0.003416434951813142		0.0023975875520337708	0.004533076219868469	0.002036577483295809	0.0021484015960886987
Efra.gene17580_i1_length858.p1				0.010853972802061358							0.004779398960573423			0.003976172452090118	0.005054710913933991				0.0032374782195608827	
Efra.gene6586_i0_length1651.p1				0.006074868919528752	0.001291418593718019	0.0024156548231103634	0.0019402348365590368		0.002105430982142619		0.0012493625396367727	0.0008653402761609802	0.0017969163353254167	0.0012708377201793668	0.0012405152974233318	0.004424370111307839	0.0019543047776335075	0.001864157105345244	0.0008579546575856912	
Efra.gene27516_i0_length534.p1				0.008569468771047657	0.0028184290614785		0.0024352819728832792		0.003570325555443895	0.008732111580857488	0.003956068589940334	0.00446681322525546	0.006231389362634652	0.002664882184626514	0.005710205484216211	0.007105394615550067	0.0032517183663363404	0.002524785926290868	0.003739264536424913	0.0034673750436382666
Efra.gene42994_i0_length354.p1				0.006955945497681332									0.0023023593180836314	0.016433364336761347		0.0036429624480117107	0.012586426103288681			0.0020076113319292765
Efra.gene28977_i0_length507.p1				0.007825942875895405	0.009409823114626167	0.00810106152919723	0.011791870334301239	0.0065621596957615436	0.008612521833212605	0.008655113905090404	0.010667851716819969	0.008396257422369066	0.009588778015937162	0.009908355381626884	0.006334323811527885	0.009647657955181467	0.00866355007856482	0.01045975737208276	0.011405306256176003	0.01188475972298535
Efra.gene13900_i0_length1047.p1				0.002772315806292959		0.00518251454418951	0.009924221942296505		0.004653549612361574	0.004621850342235464		0.006875717451548464		0.006919099065102759	0.007747140447497214	0.004206030286389244	0.0028332662905212894	0.0074368683049472264		0.004681629175217318
Efra.gene22328_i1_length673.p1				0.0031502301313152607	0.00459044921937945	0.009685155245693036	0.013796825410429456	0.011578618303593927	0.019489339409316263	0.007272896565609249	0.014614478146354812	0.007495370362382855	0.010035218625217151	0.00865583565507523	0.012669056060457162	0.01646392555514835	0.008431323618827207	0.013216978830382767	0.010489185114988236	0.010117020403645576
Efra.gene25967_i0_length570.p1				0.006693506482098999	0.016073140234116337	0.01600337239184741	0.0028588291667397325		0.00471018003747032		0.005460090221664173	0.005670593888760386	0.00619728553234666	0.006863593040215906	0.009178384790751032	0.005177793897530322	0.003530428893906344		0.0015451407593599664	
Efra.gene21137_i1_length711.p1				0.005632693884029753		0.016999470016037046			0.00272962398701555		0.001657042398857331	0.0028077937686376213	0.004773420705990582	0.005557413280998458	0.011962513558312786	0.005329045961662551	0.004340936105983434		0.004464725601809187	0.005364573735795866
Efra.gene11716_i0_length1179.p1				0.003481342699416851			0.001998245327740244		0.0010642098581993711		0.0014023292829200042	0.0023601208941508214		0.0022663662926739212	0.0012074714987943733	0.0019550975156125867	0.0019212879041860056	0.0019044311197316953		
Efra.gene113616_i0_length210.p1				0.023122885483385813																
Efra.gene26421_i0_length561.p1				0.006524527689328935	0.013364358253257233	0.006744266314198321	0.02453859534452555	0.016362295701807954	0.021948462227286483	0.010461752475892021	0.02579887351621485	0.014283246785185048	0.023183486569511115	0.019897302994234006	0.02226196197679127	0.026111249725747628	0.010912597954512954	0.016024425815565256	0.029884381134119543	0.018162407635745323
Efra.gene26810_i2_length552.p1				0.0237646306041576	0.01506985250958719		0.030374764789312125	0.021623213989738856	0.016818495328234297	0.010793710426497242	0.013713088069859852	0.01455074036375862	0.012764477005955996	0.010388226312191336	0.0067373693556160305	0.008741975760495837	0.013963288259938273	0.023252801737280532	0.011416630393552401	0.01630077358347794
Efra.gene49456_i1_length324.p1				0.005644946457368351			0.010100189464926653		0.014551916411415924	0.015667358813109218		0.011765767429991842			0.02231309000329911		0.014251689325787471	0.012531895928042701		0.011641174329542665
Efra.gene813_i1_length4026.p1				0.004132380955462915			0.005623011379169969		0.003616107544774261	0.005743370107694554	0.0019454901759077942	0.004347597236546264	0.0039012644981050795	0.0053601226569562985	0.007787502995587995		0.0065817283137402215	0.004485427271695043	0.0022615759493049142	0.00473024448179328
Efra.gene26595_i0_length555.p1				0.00869765649528613																
Efra.gene25800_i0_length528.p1				0.010707929815462886		0.015219895908632288	0.013827563319367738		0.0021695836850255017	0.012636487650423035	0.007909599309702897	0.003455360806943807	0.010169065625227618	0.0023570959493292836	0.006086704408800428	0.006322071575471159	0.016892824446107346	0.014001375252835919	0.008298773303847975	0.0037512402452701005
Efra.gene329_i3_length5301.p1				0.003105727150732222			0.002912184942983242	0.008631888434423791	0.004368426581982291	0.006526711599018351	0.004324816350447375	0.003257392068339129	0.004883487896819879	0.0019466803498634005	0.004072321102166555	0.004255568209490078	0.004325924632253593	0.002443719000649503	0.0029135206023565945	0.006468362049833353
Efra.gene25400_i1_length585.p1				0.0022531708300674025			0.0027370381590244262	0.007720386889413627				0.005122930986000222	0.005388218196802391			0.004610841017702253	0.0035826532893167245		0.0027065947004940465	0.0015679912772213526
Efra.gene18777_i0_length804.p1				0.025699116065456974																
Efra.gene60021_i0_length288.p1				0.014877409427394177																
Efra.gene12442_i0_length1134.p1					0.04249848069987573	0.05257541103093147	0.05950241282693101	0.06493090947508529	0.0354053515394499		0.047295720762502866	0.05184096900867226	0.04006739119512799	0.04094499426986102	0.024881498484213973	0.0386322286115246		0.09604020887046696	0.075921524723119	0.06155441650413683
Efra.gene1853_i0_length2945.p1					0.006697561445666097	0.002989570016558294	0.0031346647731169035	0.005977245240789816	0.0048735731731454224	0.0038282038794609776	0.007461981055917804	0.008992205638940293	0.005676905671408156	0.006560173446607633	0.0038335483054182497	0.009497404701350007	0.003092793412829739	0.002598423344075347	0.006412480586088309	0.005033960255093145
Efra.gene59690_i0_length288.p1					0.02288817355002684	0.027874044550986056	0.012560000685810719	0.01958129829414878	0.01461819783334745	0.016527407784885154	0.017478167891073402	0.011169973707440661	0.011820156982071969	0.010180078719991313	0.013945764577193865	0.013902418566859025	0.008612595349229838		0.01090344911775282	0.022331831703146246
Efra.gene18178_i0_length831.p1					0.010193437289894244	0.0061042802176466925	0.0078005141983668435		0.006492088840987316	0.006299584565762902	0.007616377363613162	0.00478802786254511	0.01567677915483357	0.016097161008572433	0.005745994906662446	0.009438901244659851	0.0047472983828704815	0.0010976436664769842	0.0029339074391446403	
Efra.gene349_i0_length5181.p1					0.0034880759550051186	0.0018502434636989101		0.0027238195838438168		0.002811612194287291	0.0019519687226185046		0.003062615102989363		0.002084019012766517	0.003253461831500498	0.0008494895262908144		0.0012688970049620583	0.0022625818780749015
Efra.gene9478_i0_length1353.p1					0.003339992975274136		0.0041986288443245775	0.0008290378594196259	0.006327677163584002		0.006809225335057513	0.005754672997001233	0.00473611455347034	0.008125514902809378	0.005111960843271218	0.005869910061562698	0.0026095684222614875	0.004747150005496137	0.006307142263074595	0.0048012508263186055
Efra.gene6459_i2_length357.p1					0.011103801481397578										0.0021693865280503653					
Efra.gene33821_i0_length432.p1					0.009437074242379485	0.008878065323391058		0.005380089092660632	0.010286235849404272	0.012901884626165568	0.00324633729419708	0.003511810134538335	0.011763283701955032	0.0208200849538143	0.004682988927006868	0.010281645487749853	0.004167071309446357	0.013581562618372924	0.004822818967100094	0.01646034257415946
Efra.gene70882_i0_length264.p1					0.015889203637194593								0.007279782963577642	0.005437090667953867		0.011006644532568763			0.007698179136107242	
Efra.gene48207_i0_length327.p1					0.0023333577186879203										0.002042567833131052		0.0026114829859415333		0.0025128990311040706	
Efra.gene21462_i0_length701.p1					0.0032095421164767173				0.007480823397077638				0.004367353907407801	0.009838499240076739	0.002371679308983958	0.009184991786984311		0.007021241309314825		
Efra.gene13656_i0_length1062.p1					0.0023410861397124695		0.0066812178838851375		0.003772374916716688		0.00651024767252138	0.00389703501611013	0.004228710172876186	0.005019922533080562	0.005482961216026076	0.005187128213790287	0.003966589867589274	0.007352597842568221	0.005305733537186137	
Efra.gene38386_i0_length387.p1					0.002527522747700166		0.012983887964283208		0.0014550983895554456			0.002114539400776582	0.00247589965536692	0.009014768457381292	0.0020566414071122477		0.0036933660889912822	0.0034601729422241486	0.002436914096119623	0.007004479394565515
Efra.gene56456_i0_length297.p1					0.008658949484935275															
Efra.gene26841_i0_length549.p1					0.00622622073326546									0.004439044843274138		0.015971315778283486	0.006295563174504991		0.0065620824007461675	
Efra.gene17074_i1_length884.p1					0.0026316229054035916										0.0008335888734075671					
Efra.gene12182_i0_length1149.p1					0.04087460282993787	0.04445286911125169	0.04816990325715206	0.05157389858261669		0.04187931520238289	0.047216973419244315					0.03932737195315889	0.03747467476923407			0.05571641725960738
Efra.gene10189_i0_length1293.p1						0.0021216831644248245	0.002469025584281379		0.002144591230804615		0.004466487474908763	0.0034403697971994076	0.002839329121908238	0.006622548472590764	0.002893496533037142	0.003880427073238104	0.002062304582623677		0.00467889938929862	0.005999176696609524
Efra.gene25717_i1_length576.p1						0.0030671511785648232	0.006737261542046024		0.0025967047867911453		0.0023487801952202375		0.003284501568663822	0.002297597488902207		0.005263639682488903	0.0031981714792935624			0.001656283176331592
Efra.gene14418_i2_length1020.p1									0.004694663942652538	0.004127926210204423	0.011051153867488067	0.006850938520144024	0.01359983319498804	0.005491122712834456	0.012678515880045645		0.003169937735321555		0.00371474696982049	0.0039003440367717072
Efra.gene10979_i0_length1233.p1									0.031570100983308605			0.04886106091523158	0.04023664229082759	0.037824808718802214	0.020186611355107742				0.06863985788346699	
Efra.gene7751_i0_length1518.p1							0.004893675518275174		0.003461807520284325	0.0022805098360435356		0.002092329155074413			0.0009802019130650168		0.000491304575288575	0.0012400111591276287		0.0018203276527486976
Efra.gene34351_i1_length426.p1							0.002800688432731946		0.003599196438484227				0.0024026254906390166	0.0015540570351524345	0.008485089614606521	0.002426430618570045			0.0014299220068528262	0.009780307841784481
Efra.gene26093_i0_length567.p1									0.0034554424168788886					0.0012612830269608626	0.004373154409214248	0.0024908327181748244			0.0059683682173024815	
Efra.gene31366_i0_length466.p1							0.006388979622635239	0.006338709812971004	0.003977976289442142					0.008158180457413072	0.007117823351184365	0.013795432145902273		0.00878835551895413		0.01276213849175358
Efra.gene18573_i0_length813.p1															0.002577481970839406					
Efra.gene8230_i0_length1470.p1							0.0025961869682680798		0.005090314922401433		0.010315020337473328	0.0022083183234139383	0.009552636452991287	0.0022977131833772663	0.006482218256245491	0.0034481808444737413	0.004126580301780366	0.01041848045537235	0.0031503058366451234	0.009261873570313776
Efra.gene19598_i0_length771.p1									0.002492770398083126		0.001479919839904645		0.001768973099147854		0.0023481401146650733			0.0016823075374017371		
Efra.gene23221_i0_length645.p1							0.006820949773666311		0.002492542860236246			0.0047011282429538625	0.004483468662263648	0.005724727451343119	0.004402525227326154				0.005040194472716735	0.0077566246429450585
Efra.gene7558_i0_length1539.p1							0.00394512036845498	0.00458861585859501	0.0049762616962538775		0.006123865333247476	0.006099964153806838	0.006214604361282063	0.005057710764522998	0.0024384599352013925	0.004841771308061774	0.004350234119139349	0.009209573743030308	0.006221432564977069	0.006919408050167107
Efra.gene49456_i0_length210.p1															0.08834556172839401		0.06940771190437374			
Efra.gene17231_i0_length876.p1															0.002205892971137346					
Efra.gene41063_i2_length306.p1															0.004917763115958315			0.003934635850801251		
Efra.gene2834_i0_length2466.p1															0.0020071998261029654		0.001347664241546215			0.001846365647608335
Efra.gene22719_i0_length660.p1														0.003215165044034695	0.00582049243486474					
Efra.gene12082_i0_length1156.p1							0.0025655446726885814					0.0035387091675796525	0.003999212793398958	0.0043360719147995	0.004994607836778322	0.004887524531691091	0.0014975500581697002	0.004308697272253456		0.003681092271806352
Efra.gene34755_i0_length421.p1									0.0023122038094020654		0.03386818846295578			0.005929401725515831	0.003592717352715673		0.003126086023857235			0.045618881730916924
Efra.gene26700_i0_length552.p1														0.005320350205563793	0.0015009091016426625	0.0036045025116141537	0.00267478635429078			
Efra.gene67076_i0_length270.p1											0.00929162885696723			0.005250075350925495	0.0025338556632683532			0.003986621535738541	0.007087590401178952	
Efra.gene29879_i0_length489.p1							0.002886977615227143		0.002936083959015859		0.0029975673623642393	0.0031724611770570224		0.006353515388195988	0.0014947950361566436			0.004195000879619178		0.007939796052041804
Efra.gene27221_i0_length540.p1									0.002637682883169334						0.0011783124919296606		0.0011327962940545233			
Efra.gene11804_i0_length1173.p1														0.0011594568420798448	0.0008429099389517056					
Efra.gene26218_i1_length564.p1															0.0005490207408486726					
Efra.gene24170_i0_length618.p1							0.009176220375505792		0.010465970517306983	0.003521604576779725	0.0020391346333610656	0.00746304731440658		0.004596121644810467	0.003968658502042116		0.0033786954527935875	0.0057399141417516465		0.002761482995679627
Efra.gene30061_i0_length486.p1									0.00204046034310769						0.0034762629118581124					
Efra.gene17870_i0_length846.p1								0.001424194134035823			0.0008392571852981025				0.0011961557370546115					
Efra.gene94338_i1_length231.p1							0.007026814045118811								0.009587664104230929					
Efra.gene82314_i0_length246.p1							0.0036561587584406138		0.006195248147966507			0.005953695727227041	0.007959478832443866		0.006105824006197226					
Efra.gene8953_i1_length1399.p1									0.001916762502822251				0.0013210419038414954		0.002217769224652428					
Efra.gene13951_i0_length1044.p1									0.002471504910711877						0.012015413856431869					
Efra.gene18044_i0_length837.p1							0.0017782508381460143				0.006741580416669326	0.003418886769397578	0.00205222880903717	0.004133312408609851	0.003928375123921411					
Efra.gene19992_i0_length618.p1							0.027627956567307405		0.012017359355623529			0.013105139125238073			0.005966206415090564		0.007421956814333745	0.011506321132262576		
Efra.gene17278_i0_length873.p1							0.0021184675077378498		0.0011212132344517263				0.0013002689142006568	0.0044829894829898935	0.0007206153560339419		0.0010536733037739066			0.0040895317530511635
Efra.gene12899_i0_length1107.p1									0.0024911102050591107		0.0015633172313521363				0.0011795494668534396	0.005635286075027192				
Efra.gene13129_i0_length1095.p1															0.01596119360645113					
Efra.gene33621_i0_length435.p1															0.0032415175667304934					
Efra.gene1757_i1_length3015.p1											0.0022616697401012026	0.00979292152431454		0.003314546028690372		0.005578014397726282				0.001059591737698077
Efra.gene12660_i0_length1122.p1								0.0009485840590078818	0.0004705278698591887		0.0006802133501103491					0.0011990658946839639			0.0025586053786313115	
Efra.gene10803_i4_length1062.p1																0.006605700010281555		0.030308802891395637	0.005240758383690265	
Efra.gene11166_i2_length1221.p1									0.0017759429219749078								0.0009146918937560527			
Efra.gene28510_i1_length516.p1																	0.0016126213486774461			
Efra.gene43796_i1_length351.p1													0.008263822698255478	0.0037649216767011206			0.005126953946496799			
Efra.gene10979_i3_length1134.p1																	0.028132672037574392	0.07145919325377885		
Efra.gene18440_i0_length819.p1							0.00200589308575954		0.0012980064391847844									0.0014145205216545115		
Efra.gene10913_i0_length1239.p1																			0.017498630030346234	
Efra.gene35075_i0_length418.p1																			0.008125135834542902	
Efra.gene22028_i0_length681.p1											0.004471825206662547	0.002526930619838332	0.0033032101596728765						0.0033668853405986097	
Efra.gene1749_i7_length714.p1											0.01855867279919853								0.012168611099312365	
Efra.gene30439_i0_length480.p1												0.004543662946305092		0.0070671622448744585					0.00838457116256747	0.003974856725225616
Efra.gene12565_i0_length1128.p1																			0.0022445767812828516	
Efra.gene6232_i1_length1047.p1																			0.0014499795214182262	0.007614345053154288
Efra.gene1136_i0_length3573.p1																			0.002286629096031383	
Efra.gene6519_i1_length1659.p1														0.001379143810515023						0.004006631439809649
Efra.gene19206_i0_length786.p1									0.001142460221459222											0.0021363166748749043
Efra.gene26600_i0_length555.p1																				0.0033578158766108673
Efra.gene65690_i0_length273.p1																				0.0030303997972676933
Efra.gene19250_i1_length786.p1							0.0017229148305213926					0.0010599349471267483								
Efra.gene28361_i0_length519.p1							0.006792320740552573													
Efra.gene82151_i0_length228.p1							0.01667883099429196													
Efra.gene6707_i0_length1638.p1							0.007002364432751146													
Efra.gene39766_i1_length327.p1								0.0056522615669779026					0.019847884569954618	0.007564433533161282						
Efra.gene59164_i0_length291.p1									0.04570904244125801											
Efra.gene21360_i0_length705.p1									0.0018657512104267625											
Efra.gene41065_i0_length366.p1									0.0016194586374291204											
Efra.gene17127_i6_length777.p1									0.048140309695630434											
Efra.gene1160_i1_length3549.p1									0.002312343254881783											
Efra.gene7302_i0_length1566.p1									0.0007326501749845972											
Efra.gene25373_i0_length585.p1									0.003735564594860897											
Efra.gene26194_i2_length522.p1									0.006677580163933288			0.002321934094140273								
Efra.gene12280_i0_length1146.p1												0.05371212738444707								
Efra.gene11803_i0_length1173.p1												0.0037317692224301973								
Efra.gene22143_i0_length678.p1												0.005621542692948611								
Efra.gene17801_i0_length849.p1													0.002670055088196335							
Efra.gene20528_i0_length735.p1														0.001469389895552464						
Efra.gene31799_i1_length459.p1														0.00196363698949667						
Efra.gene25630_i0_length579.p1														0.0014276085734239996						