Accession	0.1	0.2	0.3	1.1	1.2	1.3	3.1	3.2	5.1	5.2	5.3	7.1	7.2	7.3	10.1	10.2	10.3	12.1	12.2	12.3
Efra.gene10048_i0_length1308.p1			2.0																	
Efra.gene10049_i0_length1308.p1		3.61	7.34					8.13			6.73	2.28	8.35		2.15	6.56	3.13		4.28	3.65
Efra.gene10189_i0_length1293.p1						1.72	2.0		2.69		4.06	4.0	2.0	5.72	6.0		2.0		2.13	5.37
Efra.gene10803_i4_length1062.p1																0.4		3.81	2.0	
Efra.gene10913_i0_length1239.p1																			3.17	
Efra.gene10979_i0_length1233.p1									6.32			6.0	5.03	6.0	6.0				6.01	
Efra.gene10979_i3_length1134.p1																	0.54	2.63		
Efra.gene110165_i0_length213.p1		2.0		1.43	2.0															
Efra.gene11166_i2_length1221.p1									1.8								2.0			
Efra.gene113616_i0_length210.p1				1.62																
Efra.gene1160_i1_length3549.p1									1.4											
Efra.gene11716_i0_length1179.p1				1.8			2.0				2.0	2.0		2.0	2.0					
Efra.gene11803_i0_length1173.p1												1.42								
Efra.gene11804_i0_length1173.p1														2.0	1.82					
Efra.gene12082_i0_length1156.p1							1.64					4.45	3.25		2.0	2.22	2.0	3.34		2.04
Efra.gene12182_i0_length1149.p1					0.54	0.34	5.24	4.0		0.73	4.31					4.71	4.0			0.85
Efra.gene12280_i0_length1146.p1												2.0								
Efra.gene12442_i0_length1134.p1					16.61	14.0	4.0	17.68	2.61		0.96	2.0	2.0	2.28	2.35	2.0		2.5	2.17	19.85
Efra.gene12565_i0_length1128.p1																			2.0	
Efra.gene12660_i0_length1122.p1								2.0			1.72					1.74			1.76	
Efra.gene12747_i0_length1116.p1	2.0	2.0	4.09					2.0								2.0	2.0			
Efra.gene12899_i0_length1107.p1									3.1		1.48									
Efra.gene13129_i0_length1095.p1															0.52					
Efra.gene13656_i0_length1062.p1					1.74		4.01				5.62	4.0	4.0	0.4	5.18	4.0	2.0	4.0	4.0	
Efra.gene13900_i0_length1047.p1				2.0		2.01	4.01		3.82	2.01		4.0		4.02	2.37	1.62	0.36	2.0		2.01
Efra.gene13951_i0_length1044.p1															0.95					
Efra.gene14059_i2_length1041.p1		4.01	4.08	7.89	2.7	2.02	17.8	2.03	20.14	15.35	19.51	22.18	19.99	26.0	21.77	18.26	19.69	21.25	22.8	4.62
Efra.gene14246_i0_length1029.p1		5.96	1.52																	
Efra.gene14418_i2_length1020.p1									6.08	1.51	4.24	4.15	2.74	4.6	11.23		4.09		2.04	3.18
Efra.gene14678_i0_length1005.p1	5.4																			
Efra.gene15484_i0_length963.p1			2.01																	
Efra.gene15574_i0_length957.p1	3.0														1.92					
Efra.gene16498_i0_length912.p1	13.89	16.59	14.96	8.9	12.4	10.21	15.27	10.84	14.26	10.84	10.3	14.96	10.24	6.82	12.25	6.2	10.1	8.6	13.32	6.79
Efra.gene16536_i2_length909.p1		2.0	5.26	2.0	2.0	2.0	2.0	1.77	2.0	2.0	2.0	2.0	2.0	2.0	2.0		2.05		2.0	2.12
Efra.gene16539_i1_length909.p1				3.28			2.0						4.0	4.0	2.0	2.0	2.0	2.0	2.0	
Efra.gene17074_i1_length884.p1															1.62					
Efra.gene17127_i0_length880.p1					9.69	23.0	21.3	21.6	47.99	21.43	37.19	25.72	21.07	19.88	40.07	21.25	27.18	8.91	29.71	19.03
Efra.gene17127_i6_length777.p1									1.86											
Efra.gene17231_i0_length876.p1															2.02					
Efra.gene17278_i0_length873.p1									2.0				2.0	4.3			2.0			2.43
Efra.gene1749_i1_length3021.p1				10.37	10.45		28.16	10.06	49.46	27.74	30.75	37.18	27.99	37.53	60.16	9.68	33.28	19.21	28.47	27.94
Efra.gene1749_i7_length714.p1											2.0								2.0	
Efra.gene1757_i1_length3015.p1											2.0	4.0		7.51		3.36				2.0
Efra.gene17580_i1_length858.p1				2.24							1.07			1.74	4.3				1.8	
Efra.gene17870_i0_length846.p1															1.35					
Efra.gene18044_i0_length837.p1											2.09			2.78						
Efra.gene18178_i0_length831.p1					4.26	3.42	3.66		7.41	1.64	4.07	4.72		6.18	4.92	4.84	2.75		2.28	
Efra.gene18440_i0_length819.p1									1.55									1.44		
Efra.gene18480_i1_length818.p1	2.76																			
Efra.gene1853_i0_length2945.p1					8.17	4.0	7.29	4.97	21.18	6.91	20.3	18.86	18.24	20.97	15.85	18.56	6.58	4.36	14.74	15.3
Efra.gene18564_i2_length720.p1		2.0	2.11	5.24	5.85	9.57	8.95	5.14	10.23	8.13	9.67	12.0	7.92	12.01	11.92	7.59	12.0	8.0	7.9	6.6
Efra.gene18573_i0_length813.p1															4.92					
Efra.gene18607_i0_length813.p1		3.7																		
Efra.gene19055_i1_length792.p1			2.0									2.0								
Efra.gene19206_i0_length786.p1									1.39											1.46
Efra.gene19250_i1_length786.p1							2.0					2.0								
Efra.gene19494_i1_length774.p1	1.52					2.0														
Efra.gene19598_i0_length771.p1									3.33		2.0		2.0		4.0			2.0		
Efra.gene19992_i0_length618.p1							2.0		2.01			1.47						1.68		
Efra.gene20233_i0_length744.p1	2.0		2.0	2.49	2.1	2.0	2.45	2.0	2.83	2.02	2.06	2.25	2.43	2.07	4.69	2.08	2.08	2.01	2.3	2.03
Efra.gene20528_i0_length735.p1														2.02						
Efra.gene21131_i1_length711.p1	4.97	3.24	2.27	6.0	20.75	8.16	15.7	11.64	22.18	14.5	18.42	22.8	19.51	24.44	16.81	17.2	15.36	5.69	25.34	8.66
Efra.gene21137_i1_length711.p1				1.86		2.0					2.0	4.0	5.26	3.08	5.14	3.14	1.57		2.98	
Efra.gene21360_i0_length705.p1									2.0											
Efra.gene21462_i0_length701.p1					2.0				4.94				2.0	2.37	2.87	3.35				
Efra.gene22028_i0_length681.p1											2.0	2.0	2.01						2.01	
Efra.gene22143_i0_length678.p1												0.5								
Efra.gene22225_i1_length309.p1					2.0		2.0									1.66				
Efra.gene22328_i1_length673.p1				2.0	3.6	2.0	5.3	4.56	8.18	2.21	8.0	4.0	4.23	8.0	8.23	7.07	8.0	2.0	4.23	3.08
Efra.gene22719_i0_length660.p1														1.51	2.0					
Efra.gene23221_i0_length645.p1							1.06					4.0	0.36	6.0	3.0				0.89	
Efra.gene23450_i0_length639.p1			2.37																	
Efra.gene24170_i0_length618.p1							2.0		2.0			2.0		2.0	1.64			1.96		
Efra.gene24458_i0_length609.p1	10.18	12.12	11.28	16.13	20.88	18.04	24.05	17.23	29.58	23.1	25.22	28.36	24.97	25.51	30.16	22.98	22.08	18.06	30.83	18.04
Efra.gene25400_i0_length486.p1	2.0	2.0		2.0	2.0	2.0	2.0	2.0	4.0	3.92	4.78	2.0	2.0	2.67	2.83	2.0	2.0	2.0	2.0	2.38
Efra.gene25400_i1_length585.p1							2.0	4.0				2.0	2.0			2.0	2.0		2.0	0.32
Efra.gene25630_i0_length579.p1														1.77						
Efra.gene25717_i1_length576.p1							2.0		2.0		1.92		2.04	2.0		1.46				
Efra.gene25799_i1_length576.p1				2.31	2.41	2.0	2.0	2.0	2.0	2.0	2.0	2.0	2.0	2.73	4.0		2.0	2.14	2.0	2.0
Efra.gene25800_i0_length528.p1						2.0	2.0		2.0	2.0	2.0	2.0	2.0	2.0	2.0		2.0	2.0	2.0	1.72
Efra.gene25963_i0_length570.p1												4.0		2.22	2.02					4.0
Efra.gene25967_i0_length570.p1				2.0	4.79	6.0			6.0		4.68	4.0	4.98	3.6	6.0	4.0	3.17		2.0	
Efra.gene26093_i0_length567.p1									1.72					2.0	5.89	2.0			5.96	
Efra.gene26194_i2_length522.p1												2.0								
Efra.gene26218_i1_length564.p1															1.82					
Efra.gene26421_i0_length561.p1				1.58	2.52	2.0	2.94	2.14	3.24	4.06	3.56	8.0	5.67	4.54	6.0	4.41	2.57	2.69	6.52	6.99
Efra.gene26700_i0_length552.p1														1.25	2.0		2.0			
Efra.gene26710_i0_length552.p1	4.87	4.0	6.0	8.32	8.58	6.0	10.0	4.0	10.0	7.97	7.49	10.0	10.0	10.0	10.0	7.88	9.04	9.12	10.0	9.74
Efra.gene26810_i2_length552.p1				1.39	2.04		3.86	2.0	2.0	2.0	6.0	2.0	2.0	2.0	2.0	2.0	2.0	2.28	2.0	2.0
Efra.gene26841_i0_length549.p1					1.36															
Efra.gene27122_i0_length543.p1	2.0				6.0	2.0	5.35	6.0	8.0	2.44	8.0	4.04	10.0	8.36	2.38	9.92	6.0	6.0	10.0	2.53
Efra.gene27221_i0_length540.p1									2.0						2.0		1.74			
Efra.gene27331_i1_length540.p1				3.1	2.0	4.0	6.0	6.0	4.85	4.13	4.85	4.7	6.0	2.71	6.0	2.87	4.27	2.55	5.24	4.19
Efra.gene27516_i0_length534.p1				2.0	2.0		2.0		2.92	2.0	4.0	2.0	5.7	2.11	3.66	2.11	2.32	2.0	4.0	2.85
Efra.gene2834_i0_length2466.p1															2.0		1.7			1.62
Efra.gene28361_i0_length519.p1							1.24													
Efra.gene28510_i1_length516.p1																	2.0			
Efra.gene28977_i0_length507.p1				2.0	2.0	2.0	2.0	2.05	4.51	2.06	2.0	3.07	2.14	3.26	2.07	3.21	2.18	2.0	4.09	2.28
Efra.gene29879_i0_length489.p1							1.42		1.68		1.85	2.02		0.51	2.0					
Efra.gene29886_i0_length489.p1	6.04	8.0	10.0	2.0	4.0	4.0	2.0	6.0	2.0	9.11	6.0	2.0	4.0	7.83	6.0	4.0	10.04	1.68	3.37	8.29
Efra.gene30061_i0_length486.p1									2.0						1.49					
Efra.gene30096_i0_length486.p1				3.48	2.47	2.09		1.85	3.08		2.93	4.0	2.27	6.93	3.62	2.75	7.65		3.2	2.78
Efra.gene30439_i0_length480.p1												2.0		2.0					2.0	2.0
Efra.gene31160_i0_length470.p1			2.0							1.42										
Efra.gene31366_i0_length466.p1							1.7	1.44						3.48	5.82					2.7
Efra.gene31799_i1_length459.p1														2.0						
Efra.gene32379_i0_length452.p1	1.64	1.85	1.89									2.0		1.66						
Efra.gene329_i3_length5301.p1							12.58	4.62	15.02	14.35	17.6	8.0	13.02	12.44	16.11	8.2	20.68	1.77	0.38	21.46
Efra.gene330_i0_length5295.p1		4.0	2.0	2.89	4.11	4.0	4.0	10.49	5.32	5.27	6.0		4.44	4.0	6.04	5.55	5.41	5.56	7.05	1.22
Efra.gene33821_i0_length432.p1					2.0	2.0		2.0	3.77	3.36	2.0	2.0	4.0	4.36	2.0	2.0	1.46	2.0	2.0	2.0
Efra.gene34277_i0_length426.p1				5.36	6.0	6.0	6.74	5.43	8.0	4.67	6.0	8.0	8.0	10.5	6.21	9.3	6.0	6.0	10.0	5.57
Efra.gene34351_i1_length426.p1							2.0		2.0				2.0	2.0	6.0				1.89	6.0
Efra.gene34755_i0_length421.p1									2.0		1.54			4.0	2.0		2.0			1.51
Efra.gene34789_i0_length420.p1					1.82								1.4		2.0				1.39	
Efra.gene349_i0_length5181.p1					4.04			2.18		4.23	8.28		5.63		8.38	6.84	2.03			3.01
Efra.gene35075_i0_length418.p1																			2.01	
Efra.gene35579_i0_length414.p1		6.0	3.03																	
Efra.gene38386_i0_length387.p1					1.66		2.0		1.55			2.0	1.74				2.0	2.0	1.48	
Efra.gene38556_i0_length385.p1	0.74		2.0			2.0									2.0	2.0			2.0	
Efra.gene39766_i1_length327.p1								1.3												
Efra.gene399_i0_length4974.p1		2.0		4.65	3.54	2.16		2.88	3.92	1.78	2.0		6.0	7.7	6.77	3.54	4.89		5.2	4.95
Efra.gene41063_i2_length306.p1															2.02					
Efra.gene41065_i0_length366.p1									2.0											
Efra.gene41171_i0_length356.p1	2.0	2.0	2.0	1.27	4.0	4.0	2.0	4.0	5.72	4.0	4.0	5.68	6.0	2.0	6.0	5.42	2.0		4.0	3.82
Efra.gene42768_i0_length273.p1	2.0		2.0						1.49						1.41					
Efra.gene42777_i0_length357.p1	2.0	2.0	2.0	2.0		2.0	2.0	2.0	2.0	1.57	2.0	2.0		2.0	2.0		2.0	2.0	2.0	2.0
Efra.gene42958_i0_length354.p1	5.32	2.0		2.74	5.8													3.18		2.59
Efra.gene42994_i0_length354.p1				2.0									2.0	4.0		2.0	4.0			1.37
Efra.gene43037_i0_length354.p1				3.12	4.93	4.62	5.55		4.06	4.0	3.46	6.0	4.32	5.58	4.41	3.1	6.12	3.68	4.03	4.52
Efra.gene43796_i1_length351.p1													2.38							
Efra.gene47379_i0_length333.p1		8.0	6.0					4.0		3.85	4.04	4.0	6.0	4.0		2.91	4.0		6.0	
Efra.gene48207_i0_length327.p1					2.0										2.0		1.68		2.0	
Efra.gene482_i1_length4723.p1		2.0					2.0										2.0		2.02	
Efra.gene49354_i0_length324.p1	3.54	3.42	2.01									2.92								
Efra.gene49456_i0_length210.p1															2.35		0.59			
Efra.gene49456_i1_length324.p1							4.0		6.0	4.0		4.0			7.13		3.43	4.0		1.75
Efra.gene50115_i0_length321.p1	8.08	8.23	10.06	4.33	3.01	6.86	6.05	7.8	8.59	2.99	7.14	10.29	8.0	0.68	9.04	6.42	3.09	4.97	5.72	
Efra.gene56456_i0_length297.p1					1.59															
Efra.gene56589_i0_length261.p1	2.0	2.66			2.11			4.0								2.77				
Efra.gene59164_i0_length291.p1									2.0											
Efra.gene59574_i0_length288.p1	1.42	0.81																		
Efra.gene59690_i0_length288.p1					5.96	2.0	4.0	2.69	4.82	4.0	3.66	4.0	4.0	6.0	4.0	3.74	4.0		4.12	2.82
Efra.gene6232_i1_length1047.p1																			1.77	
Efra.gene62669_i0_length282.p1	0.93	2.06	2.17	2.02	2.87		2.0					2.23								
Efra.gene6459_i2_length357.p1					2.0										2.0					
Efra.gene6519_i1_length1659.p1														2.0						2.64
Efra.gene6586_i0_length1651.p1				2.0	2.0		2.0		2.0		2.0	2.0	2.0	2.0	2.0	2.0	2.0	2.0	2.0	
Efra.gene67076_i0_length270.p1											2.0			2.0	2.0			1.57	2.0	
Efra.gene68755_i0_length267.p1			2.0																	
Efra.gene70882_i0_length264.p1					2.0								2.0	2.0		2.0			2.0	
Efra.gene7558_i0_length1539.p1							4.46	1.4	5.98		2.59	2.02	4.27	2.94	2.9		2.53	2.57	9.8	5.85
Efra.gene7598_i0_length1533.p1				4.7	2.19	4.0						4.0	1.42	7.74	4.08		5.34	6.0		3.69
Efra.gene7751_i0_length1518.p1							6.0		7.22	2.07		6.0			6.0		1.85	2.6		2.0
Efra.gene813_i1_length4026.p1							9.07		16.2	8.36	2.23	18.08	1.64	13.24	20.33		13.09	4.03	6.68	11.4
Efra.gene82151_i0_length228.p1							0.61													
Efra.gene8230_i0_length1470.p1							2.34		3.0		4.72	2.0	4.8	3.27	4.26	2.61	3.51		6.28	4.82
Efra.gene82314_i0_length246.p1							1.22		2.0			2.0	1.62		1.17					
Efra.gene8953_i1_length1399.p1									1.82				2.0							
Efra.gene91141_i0_length234.p1			2.52																	
Efra.gene9182_i0_length1380.p1		9.45	3.82			2.53		1.25	4.23		2.0		4.0			0.94	1.05			
Efra.gene94338_i1_length231.p1															1.24					
Efra.gene9478_i0_length1353.p1					3.43		4.0		8.12		10.73	8.03	6.2	8.12	6.97	7.37	4.0	4.0	10.05	6.0
Efra.gene99937_i0_length225.p1	1.36		2.0	1.23	2.45	2.19	2.06	4.0	2.1	4.07	0.8	3.0	2.15	0.37	3.13	0.98	1.04	4.08		